0 0.47423887587822017 0.675 0.46252927400468385 0.675 0.4707259953161593 0.6916666666666667 0.46955503512880564 0.7 0.47423887587822017 0.6979166666666666
0 0.46252927400468385 0.63125 0.4601873536299766 0.6375 0.4648711943793911 0.6479166666666667 0.4637002341920375 0.6625 0.4859484777517564 0.6666666666666666 0.47540983606557374 0.6604166666666667 0.47306791569086654 0.63125 0.4672131147540984 0.64375 0.46252927400468385 0.6395833333333333
0 0.00351288056206089 0.75625 0 0.7833333333333333 0 0.875 0.00936768149882904 0.8729166666666667 0.0117096018735363 0.8625 0.01873536299765808 0.8625 0.026932084309133488 0.8375 0.03981264637002342 0.8541666666666666 0.04800936768149883 0.85625 0.05269320843091335 0.8708333333333333 0.06323185011709602 0.88125 0.07259953161592506 0.88125 0.08196721311475409 0.86875 0.1053864168618267 0.9041666666666667 0.1252927400468384 0.9125 0.13348946135831383 0.9041666666666667 0.13114754098360656 0.8166666666666667 0.1451990632318501 0.8041666666666667 0.14637002341920374 0.7916666666666666 0.15105386416861827 0.7916666666666666 0.16042154566744732 0.8125 0.1686182669789227 0.8125 0.17798594847775176 0.8020833333333334 0.18149882903981265 0.7729166666666667 0.17798594847775176 0.76875 0.17798594847775176 0.75625 0.18266978922716628 0.75 0.20725995316159251 0.75625 0.20725995316159251 0.7291666666666666 0.21779859484777517 0.7145833333333333 0.2259953161592506 0.69375 0.22365339578454332 0.6875 0.22950819672131148 0.6854166666666667 0.23185011709601874 0.69375 0.23770491803278687 0.6854166666666667 0.24707259953161592 0.7 0.24707259953161592 0.7125 0.25175644028103045 0.7229166666666667 0.26346604215456676 0.7229166666666667 0.25995316159250587 0.70625 0.26346604215456676 0.69375 0.25526932084309134 0.675 0.24473067915690866 0.6645833333333333 0.2423887587822014 0.6354166666666666 0.23653395784543327 0.63125 0.23185011709601874 0.6354166666666666 0.2306791569086651 0.65625 0.23653395784543327 0.6666666666666666 0.2306791569086651 0.6833333333333333 0.2189695550351288 0.6875 0.19437939110070257 0.6541666666666667 0.19672131147540983 0.6604166666666667 0.18384074941451992 0.6666666666666666 0.16042154566744732 0.70625 0.1323185011709602 0.6791666666666667 0.10187353629976581 0.7 0.09601873536299765 0.725 0.08430913348946135 0.7229166666666667 0.0585480093676815 0.6875 0.05620608899297424 0.66875 0.04800936768149883 0.66875 0.040983606557377046 0.68125 0.03864168618266979 0.6979166666666666 0.02224824355971897 0.70625 0.01288056206088993 0.73125 0.01053864168618267 0.75
0 0.5351288056206089 0.63125 0.5374707259953162 0.6416666666666667 0.531615925058548 0.6479166666666667 0.5362997658079626 0.6479166666666667 0.5409836065573771 0.6604166666666667 0.5480093676814989 0.6541666666666667 0.5491803278688525 0.6416666666666667 0.5608899297423887 0.6375 0.5421545667447307 0.6229166666666667
0 0.5690866510538641 0.61875 0.5679156908665105 0.6229166666666667 0.5714285714285714 0.6229166666666667
0 0.5433255269320844 0.5854166666666667 0.5398126463700235 0.5895833333333333 0.5433255269320844 0.5916666666666667
0 0.8430913348946136 0.60625 0.84192037470726 0.625 0.8536299765807962 0.625 0.8618266978922716 0.6166666666666667 0.8653395784543325 0.6 0.8618266978922716 0.58125 0.8536299765807962 0.58125
0 0.7166276346604216 0.5875 0.7166276346604216 0.64375 0.7435597189695551 0.6604166666666667 0.7505854800936768 0.65625 0.7517564402810304 0.61875 0.7330210772833724 0.60625 0.7271662763466042 0.58125 0.7201405152224825 0.5791666666666667
0 0.8185011709601874 0.5416666666666666 0.8149882903981265 0.5625 0.8173302107728337 0.5791666666666667 0.8266978922716628 0.5729166666666666 0.832552693208431 0.55625 0.8372365339578455 0.5541666666666667 0.8384074941451991 0.54375 0.8442622950819673 0.5541666666666667 0.8512880562060889 0.5541666666666667 0.8548009367681498 0.525 0.8512880562060889 0.51875 0.8442622950819673 0.51875 0.8407494145199064 0.53125 0.832552693208431 0.5229166666666667 0.8243559718969555 0.525
0 0.7330210772833724 0.4583333333333333 0.7318501170960188 0.47291666666666665 0.7400468384074942 0.47291666666666665 0.7365339578454333 0.44166666666666665
0 0.9192037470725996 0.5375 0.9180327868852459 0.5541666666666667 0.927400468384075 0.55625 0.936768149882904 0.55 0.9426229508196722 0.5354166666666667 0.9508196721311475 0.54375 0.949648711943794 0.55625 0.9531615925058547 0.5666666666666667 0.9601873536299765 0.5666666666666667 0.9648711943793911 0.5208333333333334 0.9742388758782201 0.5 0.9660421545667447 0.4708333333333333 0.9894613583138173 0.44166666666666665 0.9871194379391101 0.4375 0.9847775175644028 0.4479166666666667 0.9754098360655737 0.45 0.9789227166276346 0.4375 0.955503512880562 0.43125 0.9332552693208431 0.48125 0.9344262295081968 0.5041666666666667
0 0.8337236533957846 0.4 0.832552693208431 0.40625 0.8407494145199064 0.40625 0.84192037470726 0.4
0 0.9718969555035128 0.27708333333333335 0.00468384074941452 0.004166666666666667
0 0.9982435597189696 0.25833333333333336 0.00117096018735363 0.004166666666666667
0 0.2716627634660422 0.6479166666666667 0.27049180327868855 0.6604166666666667 0.27634660421545665 0.675 0.2775175644028103 0.7041666666666667 0.28454332552693207 0.7104166666666667 0.30562060889929743 0.68125 0.3091334894613583 0.6479166666666667 0.3758782201405152 0.63125 0.3770491803278688 0.6145833333333334 0.38173302107728335 0.6083333333333333 0.40046838407494145 0.6125 0.405152224824356 0.6041666666666666 0.4133489461358314 0.6041666666666666 0.4180327868852459 0.6104166666666667 0.4238875878220141 0.60625 0.4262295081967213 0.5916666666666667 0.4379391100702576 0.5854166666666667 0.44379391100702575 0.575 0.4637002341920375 0.5791666666666667 0.45433255269320844 0.5979166666666667 0.4677985948477752 0.59375 0.4718969555035129 0.6 0.47540983606557374 0.5916666666666667 0.47950819672131145 0.6 0.5163934426229508 0.6 0.5187353629976581 0.6125 0.5210772833723654 0.60625 0.5327868852459017 0.6125 0.5362997658079626 0.58125 0.5409836065573771 0.5729166666666666 0.5468384074941453 0.5729166666666666 0.5667447306791569 0.5875 0.5690866510538641 0.5916666666666667 0.5655737704918032 0.6041666666666666 0.5679156908665105 0.6020833333333333 0.5702576112412178 0.6125 0.5772833723653396 0.6125 0.5796252927400468 0.625 0.5831381733021077 0.625 0.5878220140515222 0.6041666666666666 0.5983606557377049 0.5979166666666667 0.5995316159250585 0.5916666666666667 0.6112412177985949 0.5916666666666667 0.6229508196721312 0.5625 0.6323185011709602 0.5625 0.6346604215456675 0.5729166666666666 0.6416861826697893 0.575 0.6686182669789227 0.5583333333333333 0.6709601873536299 0.54375 0.667447306791569 0.50625 0.6440281030444965 0.5104166666666666 0.6323185011709602 0.4979166666666667 0.6276346604215457 0.4708333333333333 0.6112412177985949 0.45625 0.5925058548009368 0.47291666666666665 0.5655737704918032 0.46041666666666664 0.5597189695550351 0.4479166666666667 0.5456674473067916 0.44583333333333336 0.544496487119438 0.43333333333333335 0.5515222482435597 0.425 0.5702576112412178 0.4375 0.5667447306791569 0.43333333333333335 0.572599531615925 0.41041666666666665 0.5843091334894613 0.4041666666666667 0.5843091334894613 0.3770833333333333 0.5889929742388759 0.3625 0.5971896955503513 0.3625 0.6007025761124122 0.3541666666666667 0.6112412177985949 0.35625 0.6159250585480094 0.34791666666666665 0.6288056206088993 0.34791666666666665 0.6252927400468384 0.3375 0.6182669789227166 0.3416666666666667 0.617096018735363 0.33125 0.6112412177985949 0.33125 0.6065573770491803 0.3229166666666667 0.5960187353629977 0.33125 0.585480093676815 0.33125 0.5819672131147541 0.3229166666666667 0.563231850117096 0.3229166666666667 0.5597189695550351 0.3104166666666667 0.5491803278688525 0.29791666666666666 0.5386416861826698 0.23541666666666666 0.5515222482435597 0.125 0.5456674473067916 0.09375 0.5281030444964872 0.09375 0.5269320843091335 0.1 0.522248243559719 0.1 0.5117096018735363 0.08125 0.5081967213114754 0.09791666666666667 0.4882903981264637 0.12916666666666668 0.48243559718969553 0.15625 0.47540983606557374 0.1625 0.47306791569086654 0.18541666666666667 0.45784543325526933 0.20416666666666666 0.4637002341920375 0.22291666666666668 0.4707259953161593 0.22291666666666668 0.47892271662763464 0.2375 0.48243559718969553 0.2604166666666667 0.4613583138173302 0.2916666666666667 0.4379391100702576 0.3 0.4180327868852459 0.3333333333333333 0.41100702576112413 0.35625 0.4098360655737705 0.375 0.4016393442622951 0.3875 0.38524590163934425 0.4375 0.36416861826697894 0.45625 0.35714285714285715 0.45625 0.35362997658079626 0.46458333333333335 0.3524590163934426 0.5166666666666667 0.3091334894613583 0.54375 0.3009367681498829 0.575 0.29156908665105385 0.5895833333333333 0.29156908665105385 0.6229166666666667
0 0.5491803278688525 0.029166666666666667 0.550351288056206 0.041666666666666664 0.5562060889929742 0.041666666666666664 0.5562060889929742 0.035416666666666666