0 0.8009367681498829 0.9291666666666667 0.7997658079625293 0.94375 0.8056206088992974 0.95 0.8091334894613583 0.9416666666666667 0.8044496487119438 0.925 0.8009367681498829 0.9291666666666667
0 0.8723653395784543 0.9375 0.8676814988290398 0.9458333333333333 0.8676814988290398 0.96875 0.8782201405152225 0.975 0.8870023419203747 0.96875 0.8864168618266979 0.9833333333333333 0.8934426229508197 0.9979166666666667 0.9086651053864169 0.9916666666666667 0.8875878220140515 0.9541666666666667 0.9016393442622951 0.9354166666666667 0.9004683840749415 0.925 0.8911007025761124 0.925 0.8875878220140515 0.9354166666666667 0.8782201405152225 0.93125 0.8723653395784543 0.9375
0 0.6100702576112412 0.8375 0.6088992974238876 0.85 0.6018735362997658 0.8625 0.6053864168618267 0.8666666666666667 0.6159250585480094 0.86875 0.6264637002341921 0.88125 0.6569086651053864 0.875 0.6733021077283372 0.8854166666666666 0.6873536299765808 0.8979166666666667 0.7072599531615925 0.94375 0.7107728337236534 0.94375 0.7189695550351288 0.925 0.7189695550351288 0.9125 0.7096018735362998 0.9104166666666667 0.702576112412178 0.8958333333333334 0.7014051522248244 0.875 0.6967213114754098 0.8708333333333333 0.6932084309133489 0.85 0.6850117096018735 0.84375 0.6733021077283372 0.84375 0.6697892271662763 0.85 0.6334894613583139 0.85 0.6264637002341921 0.8479166666666667 0.6194379391100703 0.8354166666666667 0.6100702576112412 0.8375
0 0.6861826697892272 0.7802083333333333 0.00234192037470726 0.0020833333333333333
0 0.5128805620608899 0.7760416666666666 0.00234192037470726 0.00625
0 0.4484777517564403 0.7729166666666667 0.44379391100702575 0.7875 0.4531615925058548 0.8041666666666667 0.46252927400468385 0.8104166666666667 0.48009367681498827 0.85 0.4953161592505855 0.8541666666666666 0.5023419203747073 0.8666666666666667 0.5140515222482436 0.8729166666666667 0.5374707259953162 0.8666666666666667 0.5468384074941453 0.8541666666666666 0.5573770491803278 0.85625 0.5562060889929742 0.84375 0.5456674473067916 0.8416666666666667 0.5362997658079626 0.8229166666666666 0.522248243559719 0.81875 0.5105386416861827 0.83125 0.5011709601873536 0.83125 0.4847775175644028 0.8 0.48009367681498827 0.8 0.46955503512880564 0.775 0.4601873536299766 0.76875 0.4484777517564403 0.7729166666666667
0 0.4642857142857143 0.6520833333333333 0.00117096018735363 0.004166666666666667
0 0.5339578454332553 0.5375 0.5245901639344263 0.5416666666666666 0.5281030444964872 0.5479166666666667 0.5339578454332553 0.5375
0 0.5761124121779859 0.5354166666666667 0.5772833723653396 0.5479166666666667 0.572599531615925 0.5604166666666667 0.5796252927400468 0.5854166666666667 0.6018735362997658 0.5854166666666667 0.6217798594847775 0.5541666666666667 0.6065573770491803 0.53125 0.5971896955503513 0.53125 0.5901639344262295 0.5229166666666667 0.5819672131147541 0.53125 0.5807962529274004 0.5395833333333333 0.5761124121779859 0.5354166666666667
0 0.5796252927400468 0.5104166666666666 0.5737704918032787 0.5125 0.5737704918032787 0.51875 0.5878220140515222 0.51875 0.585480093676815 0.5104166666666666 0.5819672131147541 0.51875 0.5796252927400468 0.5104166666666666
0 0.5421545667447307 0.484375 0.00234192037470726 0.00625
0 0.5327868852459017 0.4791666666666667 0.531615925058548 0.4875 0.5351288056206089 0.48125 0.5327868852459017 0.4791666666666667
0 0.373536299765808 0.4791666666666667 0.3758782201405152 0.4979166666666667 0.373536299765808 0.4895833333333333 0.3770491803278688 0.48125 0.373536299765808 0.4791666666666667
0 0.6615925058548009 0.4375 0.6604215456674473 0.45208333333333334 0.6697892271662763 0.46041666666666664 0.6814988290398126 0.46041666666666664 0.6861826697892272 0.4479166666666667 0.6814988290398126 0.43125 0.6615925058548009 0.4375
0 0.5526932084309133 0.42916666666666664 0.5491803278688525 0.44166666666666665 0.5550351288056206 0.45625 0.5515222482435597 0.4625 0.5550351288056206 0.4666666666666667 0.550351288056206 0.48541666666666666 0.5526932084309133 0.4875 0.5515222482435597 0.475 0.5585480093676815 0.4708333333333333 0.5644028103044496 0.4791666666666667 0.5608899297423887 0.4875 0.5620608899297423 0.4979166666666667 0.5714285714285714 0.48333333333333334 0.5761124121779859 0.48541666666666666 0.5807962529274004 0.46875 0.572599531615925 0.4666666666666667 0.5679156908665105 0.45416666666666666 0.5714285714285714 0.4479166666666667 0.5644028103044496 0.43333333333333335 0.5690866510538641 0.43125 0.5608899297423887 0.425 0.5526932084309133 0.42916666666666664
0 0.3729508196721312 0.40208333333333335 0.00117096018735363 0.004166666666666667
0 0.38173302107728335 0.3854166666666667 0.36885245901639346 0.3958333333333333 0.3770491803278688 0.39791666666666664 0.38875878220140514 0.3875 0.382903981264637 0.39166666666666666 0.38173302107728335 0.3854166666666667
0 0.3149882903981265 0.36875 0.31381733021077285 0.375 0.319672131147541 0.375 0.3149882903981265 0.36875
0 0.31733021077283374 0.35625 0.31381733021077285 0.35625 0.31381733021077285 0.3625 0.3185011709601874 0.3625 0.31733021077283374 0.35625
0 0.38992974238875877 0.34375 0.38992974238875877 0.3541666666666667 0.39227166276346603 0.35 0.3981264637002342 0.35625 0.3946135831381733 0.36875 0.40866510538641687 0.33125 0.40398126463700235 0.33125 0.40398126463700235 0.33958333333333335 0.39227166276346603 0.3375 0.38992974238875877 0.34375
0 0.5597189695550351 0.325 0.5585480093676815 0.33125 0.563231850117096 0.33541666666666664 0.563231850117096 0.325 0.5597189695550351 0.325
0 0.3044496487119438 0.39375 0.3044496487119438 0.41041666666666665 0.3161592505854801 0.4354166666666667 0.3126463700234192 0.48541666666666666 0.30327868852459017 0.5208333333333334 0.30679156908665106 0.5729166666666666 0.31733021077283374 0.59375 0.34894613583138173 0.59375 0.3629976580796253 0.6125 0.37822014051522246 0.6166666666666667 0.38875878220140514 0.6104166666666667 0.40046838407494145 0.6166666666666667 0.4016393442622951 0.6229166666666667 0.39344262295081966 0.6479166666666667 0.40046838407494145 0.6833333333333333 0.4203747072599532 0.6875 0.4309133489461358 0.6979166666666666 0.43911007025761123 0.71875 0.43911007025761123 0.7354166666666667 0.44028103044496486 0.725 0.45081967213114754 0.7375 0.446135831381733 0.725 0.45081967213114754 0.7125 0.4496487119437939 0.66875 0.4449648711943794 0.6583333333333333 0.45081967213114754 0.65 0.4531615925058548 0.63125 0.46604215456674475 0.625 0.4601873536299766 0.6104166666666667 0.4637002341920375 0.5979166666666667 0.4637002341920375 0.56875 0.47540983606557374 0.5416666666666666 0.47892271662763464 0.5083333333333333 0.5 0.46875 0.5105386416861827 0.4791666666666667 0.5199063231850117 0.4791666666666667 0.522248243559719 0.46875 0.5152224824355972 0.4625 0.5117096018735363 0.44166666666666665 0.5152224824355972 0.43125 0.5152224824355972 0.40625 0.5292740046838408 0.39166666666666666 0.5210772833723654 0.36875 0.5245901639344263 0.34791666666666665 0.522248243559719 0.31666666666666665 0.5117096018735363 0.3229166666666667 0.4953161592505855 0.36666666666666664 0.48009367681498827 0.3854166666666667 0.4765807962529274 0.40208333333333335 0.46955503512880564 0.41041666666666665 0.4672131147540984 0.40625 0.4672131147540984 0.4166666666666667 0.446135831381733 0.43125 0.4484777517564403 0.4375 0.44028103044496486 0.4479166666666667 0.44379391100702575 0.45416666666666666 0.43676814988290397 0.4625 0.4426229508196721 0.47291666666666665 0.44028103044496486 0.4875 0.41569086651053866 0.5 0.3992974238875878 0.5166666666666667 0.3864168618266979 0.5229166666666667 0.38524590163934425 0.51875 0.3770491803278688 0.5416666666666666 0.36533957845433257 0.5375 0.351288056206089 0.55 0.3430913348946136 0.5458333333333333 0.3395784543325527 0.5 0.34543325526932084 0.47291666666666665 0.32903981264637 0.4395833333333333 0.319672131147541 0.4 0.3114754098360656 0.39166666666666666 0.3044496487119438 0.39375
0 0.41920374707259955 0.28541666666666665 0.4238875878220141 0.29791666666666666 0.41217798594847777 0.30625 0.4133489461358314 0.31875 0.4238875878220141 0.3125 0.42857142857142855 0.31666666666666665 0.4332552693208431 0.30625 0.4309133489461358 0.2875 0.4262295081967213 0.28541666666666665 0.4274004683840749 0.2791666666666667 0.42505854800936765 0.2875 0.41920374707259955 0.28541666666666665
0 0.41978922716627637 0.28020833333333334 0.00585480093676815 0.0020833333333333333
0 0.31030444964871196 0.21458333333333332 0.3091334894613583 0.22291666666666668 0.3185011709601874 0.25416666666666665 0.32786885245901637 0.25416666666666665 0.33021077283372363 0.2604166666666667 0.3395784543325527 0.24166666666666667 0.3372365339578454 0.21041666666666667 0.32669789227166274 0.21666666666666667 0.31030444964871196 0.21458333333333332
0 0.30210772833723654 0.2 0.3009367681498829 0.20833333333333334 0.3079625292740047 0.21041666666666667 0.30210772833723654 0.2
0 0.0468384074941452 0.03125 0.04449648711943794 0.07708333333333334 0.0585480093676815 0.11041666666666666 0.07259953161592506 0.13125 0.07494145199063232 0.14791666666666667 0.08196721311475409 0.16041666666666668 0.09836065573770492 0.18125 0.13114754098360656 0.2 0.15105386416861827 0.25 0.17330210772833723 0.27291666666666664 0.19437939110070257 0.28125 0.23185011709601874 0.3125 0.24707259953161592 0.3125 0.24355971896955503 0.28541666666666665 0.22131147540983606 0.2791666666666667 0.20491803278688525 0.2604166666666667 0.19320843091334894 0.2604166666666667 0.18266978922716628 0.24166666666666667 0.18032786885245902 0.225 0.1592505854800937 0.21041666666666667 0.15456674473067916 0.19166666666666668 0.12295081967213115 0.17291666666666666 0.09836065573770492 0.125 0.09718969555035128 0.1125 0.08430913348946135 0.09166666666666666 0.08079625292740047 0.075 0.07494145199063232 0.07083333333333333 0.07259953161592506 0.041666666666666664 0.06088992974238876 0.00625 0.05737704918032787 0.00625 0.0468384074941452 0.03125
0 0.20608899297423888 0 0.20374707259953162 0.04791666666666667 0.19437939110070257 0.07291666666666667 0.19437939110070257 0.08333333333333333 0.1873536299765808 0.09375 0.1920374707259953 0.14166666666666666 0.2189695550351288 0.1375 0.21662763466042154 0.10416666666666667 0.22131147540983606 0.09791666666666667 0.2224824355971897 0.05 0.21662763466042154 0.03125 0.21662763466042154 0.0125 0.20608899297423888 0