0 0.5244791666666667 0.9435185185185185 0.5197916666666667 0.9444444444444444 0.5260416666666666 0.9444444444444444
0 0.08125 0.9435185185185185 0.08072916666666667 0.9462962962962963 0.08229166666666667 0.9462962962962963
0 0.82734375 0.9314814814814815 0.0005208333333333333 0.001851851851851852
0 0.11640625 0.9037037037037037 0.0015625 0.001851851851851852
0 0.08072916666666667 0.8851851851851852 0.08125 0.8898148148148148 0.08229166666666667 0.8870370370370371 0.084375 0.8916666666666667 0.08697916666666666 0.8898148148148148
0 0.7953125 0.9416666666666667 0.7979166666666667 0.9490740740740741 0.7958333333333333 0.9527777777777777 0.7932291666666667 0.9527777777777777 0.8 0.9537037037037037 0.8036458333333333 0.9666666666666667 0.8098958333333334 0.9731481481481481 0.8151041666666666 0.9731481481481481 0.8203125 0.9777777777777777 0.8369791666666667 0.9777777777777777 0.8489583333333334 0.975925925925926 0.8505208333333333 0.9731481481481481 0.8625 0.975925925925926 0.875 0.975 0.8791666666666667 0.9712962962962963 0.8848958333333333 0.9712962962962963 0.8895833333333333 0.9638888888888889 0.8973958333333333 0.9638888888888889 0.9015625 0.9555555555555556 0.909375 0.9546296296296296 0.9260416666666667 0.9592592592592593 0.9411458333333333 0.9574074074074074 0.9453125 0.9481481481481482 0.9484375 0.9527777777777777 0.9520833333333333 0.9527777777777777 0.9572916666666667 0.9490740740740741 0.9791666666666666 0.9462962962962963 0.9880208333333333 0.9388888888888889 0.9901041666666667 0.9277777777777778 0.9901041666666667 0.9138888888888889 0.9932291666666667 0.9027777777777778 0.9880208333333333 0.8916666666666667 0.9890625 0.8888888888888888 0.9875 0.8824074074074074 0.9714286458333333 0.8824074074074074 0.9692708333333333 0.8851851851851852 0.96875 0.8824074074074074 0.9671875 0.8962962962962963 0.9708333333333333 0.9055555555555556 0.9692708333333333 0.9074074074074074 0.9703125 0.9092592592592592 0.9671875 0.9277777777777778 0.9604166666666667 0.9212962962962963 0.9588541666666667 0.9120370370370371 0.9520833333333333 0.9074074074074074 0.9541666666666667 0.899074074074074 0.9520833333333333 0.8981481481481481 0.9526041666666667 0.9009259259259259 0.9494791666666667 0.9074074074074074 0.9447916666666667 0.9046296296296297 0.946875 0.8962962962962963 0.9432291666666667 0.8962962962962963 0.9416666666666667 0.9009259259259259 0.94375 0.9046296296296297 0.94375 0.9092592592592592 0.9302083333333333 0.9101851851851852 0.925 0.9148148148148149 0.9161458333333333 0.9074074074074074 0.9057291666666667 0.9120370370370371 0.9005208333333333 0.9101851851851852 0.9036458333333334 0.9166666666666666 0.9026041666666667 0.9194444444444444 0.9 0.9212962962962963 0.896875 0.9185185185185185 0.89375 0.9212962962962963 0.8973958333333333 0.925 0.9052083333333333 0.9212962962962963 0.9067708333333333 0.925 0.9104166666666667 0.925 0.9166666666666666 0.9305555555555556 0.9208333333333333 0.9351851851851852 0.9197916666666667 0.937037037037037 0.8854166666666666 0.9435185185185185 0.884375 0.9305555555555556 0.8765625 0.925 0.8723958333333334 0.925 0.8671875 0.9305555555555556 0.8692708333333333 0.9342592592592592 0.8666666666666667 0.937037037037037 0.8630208333333333 0.9305555555555556 0.8557291666666667 0.9305555555555556 0.8546875 0.9416666666666667 0.8494791666666667 0.9462962962962963 0.8447916666666667 0.9444444444444444 0.8416666666666667 0.9351851851851852 0.8270833333333333 0.9351851851851852 0.8239583333333333 0.9388888888888889 0.8194442708333334 0.937037037037037 0.8208333333333333 0.9305555555555556 0.8145833333333333 0.9305555555555556 0.8135416666666667 0.9342592592592592 0.8114583333333333 0.9305555555555556 0.8083333333333333 0.9305555555555556
0 0.946875 0.8787037037037037 0.9458333333333333 0.8824074074074074 0.9494791666666667 0.8842592592592593 0.9536458333333333 0.8759259259259259 0.9526041666666667 0.8731481481481481 0.9494791666666667 0.8731481481481481
0 0.012239583333333333 0.8722222222222222 0.0005208333333333333 0.001851851851851852
0 0.9276041666666667 0.8574074074074074 0.9276041666666667 0.8638888888888889 0.9296875 0.8574074074074074 0.9322916666666666 0.8638888888888889 0.9333333333333333 0.8592592592592593 0.9317708333333333 0.8555555555555555
0 0.175 0.8555555555555555 0.17291666666666666 0.862037037037037 0.17447916666666666 0.8592592592592593 0.17569427083333336 0.862037037037037 0.18125 0.862037037037037 0.18125 0.8555555555555555
0 0.022395833333333334 0.8481481481481481 0.028125 0.8546296296296296 0.017708333333333333 0.8666666666666667 0.018229166666666668 0.8731481481481481 0.014583333333333334 0.8768518518518519 0.0109375 0.887962962962963 0.014583333333333334 0.8935185185185185 0.011458333333333333 0.8962962962962963 0.018229166666666668 0.8981481481481481 0.01875 0.9037037037037037 0.0234375 0.9055555555555556 0.025 0.9120370370370371 0.0375 0.9120370370370371 0.03854166666666667 0.9064814814814814 0.040625 0.9120370370370371 0.042708333333333334 0.9101851851851852 0.04192708333333333 0.9055555555555556 0.04895833333333333 0.9027777777777778 0.05 0.8916666666666667 0.0609375 0.8916666666666667 0.06302083333333333 0.8888888888888888 0.06041666666666667 0.8851851851851852 0.0640625 0.8777777777777778 0.0671875 0.8759259259259259 0.08333333333333333 0.8796296296296297 0.08489583333333334 0.8824074074074074 0.0890625 0.8759259259259259 0.0921875 0.8759259259259259 0.0890625 0.8712962962962963 0.0828125 0.8712962962962963 0.08229166666666667 0.8777777777777778 0.0765625 0.8777777777777778 0.07552083333333333 0.8759259259259259 0.07864583333333333 0.8712962962962963 0.0640625 0.8685185185185185 0.058333333333333334 0.8592592592592593 0.06041666666666667 0.8546296296296296 0.059375 0.8564814814814815 0.058333333333333334 0.8527777777777777 0.04583333333333333 0.8527777777777777 0.04479166666666667 0.8444444444444444 0.041666666666666664 0.8416666666666667 0.025 0.8416666666666667
0 0.74375 0.7212962962962963 0.7432291666666667 0.7231481481481481 0.7463541666666667 0.7231481481481481
0 0.05625 0.5342592592592592 0.0546875 0.5351851851851852 0.0578125 0.5370370370370371
0 0.0703125 0.4842592592592593 0.06875 0.4842592592592593 0.06979166666666667 0.48703703703703705
0 0.41822916666666665 0.44814814814814813 0.4166666666666667 0.44814814814814813 0.41770833333333335 0.4527777777777778
0 0.3932291666666667 0.42685185185185187 0.3927083333333333 0.43703703703703706 0.3963541666666667 0.4398148148148148 0.403125 0.4388888888888889 0.40677083333333336 0.4351851851851852 0.41770833333333335 0.4351851851851852 0.4192708333333333 0.4324074074074074 0.41822916666666665 0.42592592592592593 0.4119791666666667 0.42314814814814816 0.40572916666666664 0.425 0.39739583333333334 0.4212962962962963
0 0.3953125 0.387037037037037 0.39895833333333336 0.39537037037037037 0.39427083333333335 0.4027777777777778 0.39427083333333335 0.4185185185185185 0.39895833333333336 0.41944444444444445 0.39947916666666666 0.412962962962963 0.4041666666666667 0.4101851851851852 0.4046875 0.4009259259259259 0.403125 0.39166666666666666 0.39895833333333336 0.38981481481481484 0.39739583333333334 0.3851851851851852
0 0.3692708333333333 0.36666666666666664 0.36614583333333334 0.3731481481481482 0.35833333333333334 0.37592592592592594 0.37135416666666665 0.37592592592592594 0.37604166666666666 0.3824074074074074 0.3776041666666667 0.37777777777777777 0.3828125 0.37592592592592594 0.37604166666666666 0.36666666666666664
0 0.007291666666666667 0.6805555555555556 0.00625 0.7074074074074074 0.0020833333333333333 0.7212962962962963 0.0020833333333333333 0.7444444444444445 0.0036458333333333334 0.7509259259259259 0.0020833333333333333 0.7638888888888888 0.005729166666666666 0.774074074074074 0.0046875 0.7796296296296297 0.0067708333333333336 0.7916666666666666 0.010416666666666666 0.7962962962962963 0.011458333333333333 0.8037037037037037 0.011458333333333333 0.8092592592592592 0.0078125 0.8138888888888889 0.0078125 0.8212962962962963 0.022916666666666665 0.8212962962962963 0.028125 0.8185185185185185 0.030208333333333334 0.8138888888888889 0.034375 0.8138888888888889 0.034375 0.8111111111111111 0.0390625 0.8055555555555556 0.046875 0.8074074074074075 0.049479166666666664 0.8092592592592592 0.051041666666666666 0.8148148148148148 0.049479166666666664 0.8212962962962963 0.06302083333333333 0.825 0.0640625 0.8296296296296296 0.06145833333333333 0.8351851851851851 0.06354166666666666 0.8324074074074074 0.0640625 0.8351851851851851 0.075 0.837037037037037 0.07708333333333334 0.8314814814814815 0.078125 0.8351851851851851 0.08645833333333333 0.8324074074074074 0.0875 0.8351851851851851 0.08940989583333334 0.8324074074074074 0.090625 0.8351851851851851 0.0923609375 0.8324074074074074 0.09375 0.8351851851851851 0.0953125 0.8324074074074074 0.09791666666666667 0.8351851851851851 0.09791666666666667 0.8388888888888889 0.09583333333333334 0.8435185185185186 0.09427083333333333 0.8416666666666667 0.09427083333333333 0.8481481481481481 0.09583333333333334 0.8444444444444444 0.09765625 0.8481481481481481 0.10026041666666667 0.8462962962962963 0.10208333333333333 0.85 0.10364583333333334 0.8462962962962963 0.1046875 0.8555555555555555 0.10677083333333333 0.8555555555555555 0.10625 0.8592592592592593 0.1015625 0.862037037037037 0.10572916666666667 0.8601851851851852 0.11145833333333334 0.8648148148148148 0.10104166666666667 0.9046296296296297 0.096875 0.9027777777777778 0.09739583333333333 0.9046296296296297 0.09583333333333334 0.9046296296296297 0.09791666666666667 0.9074074074074074 0.09479166666666666 0.9101851851851852 0.084375 0.9074074074074074 0.07708333333333334 0.9166666666666666 0.0796875 0.9212962962962963 0.07760416666666667 0.9231481481481482 0.07708333333333334 0.9277777777777778 0.07447916666666667 0.9277777777777778 0.08229166666666667 0.9342592592592592 0.08072916666666667 0.9388888888888889 0.08541666666666667 0.9388888888888889 0.08645833333333333 0.9416666666666667 0.084375 0.9527777777777777 0.08072916666666667 0.950925925925926 0.08125 0.9546296296296296 0.07916666666666666 0.9601851851851851 0.07135416666666666 0.9666666666666667 0.075 0.9768518518518519 0.07135416666666666 0.9824074074074074 0.0640625 0.9768518518518519 0.065625 0.9731481481481481 0.06354166666666666 0.9666666666666667 0.058854166666666666 0.9712962962962963 0.05 0.9712962962962963 0.05 0.9675925925925926 0.0515625 0.9666666666666667 0.0453125 0.9564814814814815 0.04479166666666667 0.95 0.050520833333333334 0.9444444444444444 0.04479166666666667 0.9462962962962963 0.04583333333333333 0.9435185185185185 0.044270833333333336 0.937037037037037 0.03958333333333333 0.9305555555555556 0.0359375 0.9305555555555556 0.0375 0.925 0.03229166666666667 0.9259259259259259 0.030208333333333334 0.9194444444444444 0.025 0.9194444444444444 0.016666666666666666 0.9259259259259259 0.008854166666666666 0.9231481481481482 0.005208333333333333 0.9259259259259259 0.0036458333333333334 0.9351851851851852 0.0067708333333333336 0.9444444444444444 0.005208333333333333 0.9462962962962963 0.0078125 0.9435185185185185 0.013541666666666667 0.950925925925926 0.019270833333333334 0.9481481481481482 0.022395833333333334 0.9518518518518518 0.019791666666666666 0.9592592592592593 0.0078125 0.9648148148148148 0.008333333333333333 0.9694444444444444 0.005208333333333333 0.9731481481481481 0.00625 0.975925925925926 0.004166666666666667 0.9814814814814815 0.0046875 0.9888888888888889 0.011458333333333333 0.9935185185185185 0.03125 0.9916666666666667 0.03854166666666667 0.9824074074074074 0.044444270833333334 0.9824074074074074 0.0453125 0.9768518518518519 0.04739583333333333 0.9824074074074074 0.050520833333333334 0.9787037037037037 0.05416666666666667 0.9805555555555555 0.052083333333333336 0.9731481481481481 0.058333333333333334 0.975 0.058333333333333334 0.987037037037037 0.06041666666666667 0.9833333333333333 0.06197916666666667 0.9888888888888889 0.10572916666666667 0.9879629629629629 0.11614583333333334 0.9916666666666667 0.13020833333333334 0.987037037037037 0.13125 0.9824074074074074 0.13645833333333332 0.9805555555555555 0.14739583333333334 0.9805555555555555 0.14947916666666666 0.9842592592592593 0.15885416666666666 0.9888888888888889 0.17864583333333334 0.9888888888888889 0.18645833333333334 0.9935185185185185 0.2171875 0.9935185185185185 0.225 0.9962962962962963 0.26875 0.9935185185185185 0.2708333333333333 0.9898148148148148 0.2796875 0.9898148148148148 0.28125 0.987037037037037 0.3067708333333333 0.9898148148148148 0.3109375 0.9888888888888889 0.31354166666666666 0.9842592592592593 0.325 0.9888888888888889 0.34427083333333336 0.9824074074074074 0.3515625 0.9814814814814815 0.35572916666666665 0.9842592592592593 0.35989583333333336 0.9805555555555555 0.3723958333333333 0.9805555555555555 0.3697916666666667 0.9768518518518519 0.3734375 0.9712962962962963 0.37447916666666664 0.9731481481481481 0.3729166666666667 0.9694444444444444 0.37395833333333334 0.9666666666666667 0.37604166666666666 0.9638888888888889 0.3802083333333333 0.9648148148148148 0.384375 0.9601851851851851 0.38645833333333335 0.9601851851851851 0.39166666666666666 0.9685185185185186 0.39166666666666666 0.975925925925926 0.3963541666666667 0.975925925925926 0.4015625 0.9824074074074074 0.4046875 0.9824074074074074 0.40520833333333334 0.975925925925926 0.4107640625 0.975925925925926 0.4125 0.9777777777777777 0.4114583333333333 0.9824074074074074 0.41484375 0.9824074074074074 0.41510416666666666 0.9768518518518519 0.41822916666666665 0.9824074074074074 0.42083333333333334 0.975925925925926 0.425 0.9777777777777777 0.4296875 0.9712962962962963 0.43125 0.9731481481481481 0.4328125 0.9462962962962963 0.434375 0.9435185185185185 0.4375 0.9462962962962963 0.43854166666666666 0.9444444444444444 0.4348958333333333 0.9407407407407408 0.43854166666666666 0.9388888888888889 0.440625 0.9342592592592592 0.44583333333333336 0.9351851851851852 0.4453125 0.9259259259259259 0.44895833333333335 0.9212962962962963 0.46822916666666664 0.9212962962962963 0.4708333333333333 0.925 0.47552083333333334 0.9259259259259259 0.4765625 0.9277777777777778 0.4744791666666667 0.9305555555555556 0.4765625 0.9324074074074075 0.4984375 0.9305555555555556 0.509375 0.9342592592592592 0.5104166666666666 0.9388888888888889 0.5135416666666667 0.9351851851851852 0.5151041666666667 0.9388888888888889 0.5161458333333333 0.937037037037037 0.51875 0.9305555555555556 0.5166666666666667 0.9259259259259259 0.5328125 0.9259259259259259 0.534375 0.9277777777777778 0.5317708333333333 0.9333333333333333 0.5348958333333333 0.937037037037037 0.53125 0.9462962962962963 0.533984375 0.9462962962962963 0.5322916666666667 0.9416666666666667 0.534375 0.9416666666666667 0.53671875 0.9462962962962963 0.5427083333333333 0.9444444444444444 0.5510416666666667 0.9481481481481482 0.5515625 0.9527777777777777 0.5614583333333333 0.9546296296296296 0.5614583333333333 0.9592592592592593 0.5640625 0.962037037037037 0.565625 0.9694444444444444 0.5645833333333333 0.9731481481481481 0.5682291666666667 0.9768518518518519 0.5671875 0.9805555555555555 0.5692708333333333 0.9805555555555555 0.5744791666666667 0.9740740740740741 0.5796875 0.975 0.5875 0.9712962962962963 0.5921875 0.9731481481481481 0.5947916666666667 0.9666666666666667 0.5989583333333334 0.9638888888888889 0.6026041666666667 0.9546296296296296 0.60625 0.950925925925926 0.6125 0.950925925925926 0.6145833333333334 0.9444444444444444 0.6223958333333334 0.9351851851851852 0.6411458333333333 0.9305555555555556 0.6489583333333333 0.9185185185185185 0.6505208333333333 0.9120370370370371 0.6557291666666667 0.9101851851851852 0.6567708333333333 0.9055555555555556 0.671875 0.9055555555555556 0.6739583333333333 0.9027777777777778 0.6770833333333334 0.9120370370370371 0.6869791666666667 0.9101851851851852 0.6921875 0.9138888888888889 0.6994791666666667 0.9138888888888889 0.7140625 0.9055555555555556 0.7442708333333333 0.9055555555555556 0.7515625 0.9101851851851852 0.7526041666666666 0.9064814814814814 0.7578125 0.9027777777777778 0.7619791666666667 0.8935185185185185 0.7677083333333333 0.8916666666666667 0.775 0.8805555555555555 0.784375 0.8805555555555555 0.7890625 0.8842592592592593 0.7963541666666667 0.8824074074074074 0.7994791666666666 0.8851851851851852 0.7984375 0.8888888888888888 0.8010416666666667 0.8916666666666667 0.8140625 0.8916666666666667 0.8182291666666667 0.8981481481481481 0.8244791666666667 0.8981481481481481 0.8307291666666666 0.8916666666666667 0.8338541666666667 0.8944444444444445 0.8375 0.8916666666666667 0.8416666666666667 0.8935185185185185 0.8442708333333333 0.8898148148148148 0.8473958333333333 0.8916666666666667 0.8489583333333334 0.8962962962962963 0.8505208333333333 0.8898148148148148 0.8572916666666667 0.8851851851851852 0.859375 0.8898148148148148 0.8578125 0.8962962962962963 0.8635416666666667 0.8981481481481481 0.8645833333333334 0.8888888888888888 0.8625 0.8777777777777778 0.8604166666666667 0.8777777777777778 0.8604166666666667 0.8712962962962963 0.8682291666666667 0.8685185185185185 0.8692708333333333 0.8638888888888889 0.8802083333333334 0.862037037037037 0.878125 0.8555555555555555 0.8697916666666666 0.8555555555555555 0.8666666666666667 0.8481481481481481 0.8682291666666667 0.8444444444444444 0.8651041666666667 0.8425925925925926 0.8640625 0.8379629629629629 0.8520833333333333 0.8351851851851851 0.8489583333333334 0.8287037037037037 0.85625 0.8009259259259259 0.8833333333333333 0.7962962962962963 0.8864583333333333 0.8009259259259259 0.8911458333333333 0.8018518518518518 0.8916666666666667 0.8074074074074075 0.9104166666666667 0.8092592592592592 0.9130208333333333 0.8138888888888889 0.9197916666666667 0.8138888888888889 0.9223958333333333 0.8101851851851852 0.9223958333333333 0.7981481481481482 0.9244791666666666 0.7944444444444444 0.9286458333333333 0.7981481481481482 0.9328125 0.7935185185185185 0.9473958333333333 0.7944444444444444 0.9484375 0.8 0.9526041666666667 0.8027777777777778 0.9505208333333334 0.8055555555555556 0.9515625 0.8074074074074075 0.9520833333333333 0.8046296296296296 0.9583333333333334 0.8092592592592592 0.9588541666666667 0.8138888888888889 0.9661458333333334 0.8148148148148148 0.9671875 0.8166666666666667 0.9651041666666667 0.8185185185185185 0.9651041666666667 0.8231481481481482 0.96875 0.8277777777777777 0.9734375 0.8277777777777777 0.975 0.8305555555555556 0.9744791666666667 0.8351851851851851 0.975 0.8324074074074074 0.9770833333333333 0.8351851851851851 0.9822916666666667 0.8351851851851851 0.98125 0.8416666666666667 0.9833333333333333 0.8435185185185186 0.9848958333333333 0.8388888888888889 0.9875 0.8435185185185186 0.9890625 0.8416666666666667 0.9880208333333333 0.837037037037037 0.9911458333333333 0.8351851851851851 0.9932291666666667 0.8240740740740741 0.99375 0.8027777777777778 0.9927083333333333 0.7962962962962963 0.9885416666666667 0.7888888888888889 0.9921875 0.7851851851851852 0.990625 0.775 0.99375 0.7638888888888888 0.9916666666666667 0.7564814814814815 0.99375 0.7527777777777778 0.9994791666666667 0.7509259259259259 0.9973958333333334 0.7509259259259259 0.9979166666666667 0.7435185185185185 0.9994791666666667 0.7435185185185185 0.9963541666666667 0.7407407407407407 0.9953125 0.7342592592592593 0.9963541666666667 0.7185185185185186 0.99375 0.7018518518518518 0.9947916666666666 0.6981481481481482 0.9932291666666667 0.6972222222222222 0.9932291666666667 0.6861111111111111 0.9963541666666667 0.6712962962962963 0.9932291666666667 0.6601851851851852 0.9822916666666667 0.6574074074074074 0.9760416666666667 0.6601851851851852 0.9734375 0.6712962962962963 0.96875 0.6712962962962963 0.9666666666666667 0.6685185185185185 0.9598958333333333 0.675 0.9484375 0.6666666666666666 0.9458333333333333 0.6601851851851852 0.9380208333333333 0.6555555555555556 0.9286458333333333 0.6444444444444445 0.9182291666666667 0.649074074074074 0.9161458333333333 0.6638888888888889 0.9130208333333333 0.6601851851851852 0.9125 0.6527777777777778 0.9109375 0.6722222222222223 0.915625 0.6777777777777778 0.9098958333333333 0.6833333333333333 0.9091145833333333 0.6805555555555556 0.90625 0.6805555555555556 0.9104166666666667 0.6851851851851852 0.9098958333333333 0.6916666666666667 0.9135416666666667 0.6981481481481482 0.9182291666666667 0.7027777777777777 0.9244791666666666 0.7027777777777777 0.9265625 0.7055555555555556 0.9229166666666667 0.7222222222222222 0.9166666666666666 0.7305555555555555 0.9005208333333333 0.7277777777777777 0.9005208333333333 0.7148148148148148 0.8942708333333333 0.7138888888888889 0.8911458333333333 0.7037037037037037 0.8864583333333333 0.7027777777777777 0.8828125 0.6888888888888889 0.8802083333333334 0.6888888888888889 0.8791666666666667 0.6935185185185185 0.8760416666666667 0.6944444444444444 0.8744791666666667 0.6888888888888889 0.8692708333333333 0.6851851851851852 0.8671875 0.6759259259259259 0.8640625 0.6712962962962963 0.8614583333333333 0.6555555555555556 0.853125 0.6416666666666667 0.846875 0.6370370370370371 0.8369791666666667 0.6388888888888888 0.8239583333333333 0.6546296296296297 0.7895833333333333 0.6574074074074074 0.7864583333333334 0.6555555555555556 0.7864583333333334 0.6527777777777778 0.7817708333333333 0.6555555555555556 0.7796875 0.6509259259259259 0.775 0.6481481481481481 0.7723958333333333 0.6324074074074074 0.7640625 0.6324074074074074 0.7614583333333333 0.6388888888888888 0.7619791666666667 0.6481481481481481 0.7640625 0.6509259259259259 0.7635416666666667 0.6574074074074074 0.7614583333333333 0.6601851851851852 0.7619791666666667 0.6638888888888889 0.7541666666666667 0.6861111111111111 0.753125 0.6972222222222222 0.7489583333333333 0.7092592592592593 0.7473958333333334 0.7092592592592593 0.746875 0.7055555555555556 0.74375 0.7101851851851851 0.7442708333333333 0.7055555555555556 0.7375 0.712037037037037 0.7348958333333333 0.7055555555555556 0.7208333333333333 0.7027777777777777 0.7166666666666667 0.6962962962962963 0.7119791666666667 0.700925925925926 0.7088541666666667 0.7101851851851851 0.7057291666666666 0.7074074074074074 0.70625 0.7027777777777777 0.7036458333333333 0.7055555555555556 0.7135416666666666 0.7185185185185186 0.7119791666666667 0.7277777777777777 0.7182291666666667 0.7342592592592593 0.7171875 0.7416666666666667 0.7197916666666667 0.7444444444444445 0.7130208333333333 0.7481481481481481 0.7104166666666667 0.7435185185185185 0.7018229166666666 0.7416666666666667 0.6994791666666667 0.7296296296296296 0.6890625 0.7296296296296296 0.6875 0.7268518518518519 0.6885416666666667 0.7212962962962963 0.6770833333333334 0.7166666666666667 0.6744791666666666 0.712037037037037 0.6708333333333333 0.7111111111111111 0.6682291666666667 0.7027777777777777 0.6567708333333333 0.7055555555555556 0.6536458333333334 0.7027777777777777 0.6458333333333334 0.7027777777777777 0.64375 0.6981481481481482 0.6364583333333333 0.700925925925926 0.6286458333333333 0.6962962962962963 0.6203125 0.6851851851851852 0.6260416666666667 0.675 0.6255208333333333 0.6638888888888889 0.6291666666666667 0.6555555555555556 0.6369791666666667 0.6527777777777778 0.6427083333333333 0.6277777777777778 0.6479166666666667 0.6259259259259259 0.6447916666666667 0.6231481481481481 0.6447916666666667 0.6157407407407407 0.6520833333333333 0.6055555555555555 0.6494791666666667 0.6018518518518519 0.6484375 0.5777777777777777 0.6473958333333333 0.5731481481481482 0.6432291666666666 0.5685185185185185 0.6421875 0.5574074074074075 0.6385416666666667 0.5453703703703704 0.6380208333333334 0.5324074074074074 0.634375 0.5277777777777778 0.6203125 0.5277777777777778 0.6135416666666667 0.524074074074074 0.6083333333333333 0.524074074074074 0.6057291666666667 0.5342592592592592 0.6020833333333333 0.5388888888888889 0.5932291666666667 0.5324074074074074 0.5869791666666667 0.5185185185185185 0.5880208333333333 0.5101851851851852 0.5833333333333334 0.4981481481481482 0.5817708333333333 0.487962962962963 0.5791666666666667 0.4842592592592593 0.5786458333333333 0.47314814814814815 0.5630208333333333 0.4444444444444444 0.5609375 0.44166666666666665 0.5557291666666667 0.44166666666666665 0.55 0.4462962962962963 0.5453125 0.4462962962962963 0.5385416666666667 0.4351851851851852 0.5203125 0.42777777777777776 0.51875 0.4212962962962963 0.5109375 0.4185185185185185 0.50625 0.4101851851851852 0.4984375 0.41388888888888886 0.49114583333333334 0.4101851851851852 0.48333333333333334 0.39351851851851855 0.49114583333333334 0.3824074074074074 0.4875 0.37592592592592594 0.48125 0.37222222222222223 0.48072916666666665 0.3574074074074074 0.47604166666666664 0.3527777777777778 0.4661458333333333 0.3527777777777778 0.46145833333333336 0.34629629629629627 0.46145833333333336 0.33055555555555555 0.4578125 0.32407407407407407 0.4473958333333333 0.31851851851851853 0.43645833333333334 0.31851851851851853 0.42291666666666666 0.30277777777777776 0.41822916666666665 0.30277777777777776 0.4140625 0.3074074074074074 0.4046875 0.32314814814814813 0.4010416666666667 0.32314814814814813 0.3958333333333333 0.31666666666666665 0.3893229166666667 0.3277777777777778 0.3875 0.32314814814814813 0.38645833333333335 0.32592592592592595 0.40208333333333335 0.3296296296296296 0.40572916666666664 0.3351851851851852 0.4088541666666667 0.34814814814814815 0.4125 0.35185185185185186 0.41354166666666664 0.3638888888888889 0.4265625 0.36203703703703705 0.42864583333333334 0.3648148148148148 0.4244791666666667 0.3731481481481482 0.4197916666666667 0.37592592592592594 0.40208333333333335 0.45092592592592595 0.4 0.45092592592592595 0.3984375 0.45555555555555555 0.39375 0.45555555555555555 0.38958333333333334 0.45092592592592595 0.38125 0.45092592592592595 0.36666666666666664 0.45740740740740743 0.3645833333333333 0.4546296296296296 0.36354166666666665 0.44166666666666665 0.359375 0.43425925925925923 0.35572916666666665 0.4324074074074074 0.35208333333333336 0.43703703703703706 0.34479166666666666 0.43703703703703706 0.34427083333333336 0.42592592592592593 0.3421875 0.4212962962962963 0.3338541666666667 0.42592592592592593 0.32916666666666666 0.4388888888888889 0.32447916666666665 0.44351851851851853 0.3151041666666667 0.44166666666666665 0.30520833333333336 0.42592592592592593 0.29791666666666666 0.42314814814814816 0.2911458333333333 0.4101851851851852 0.2859375 0.4101851851851852 0.26875 0.4212962962962963 0.25104166666666666 0.42314814814814816 0.24270833333333333 0.4388888888888889 0.234375 0.4398148148148148 0.23125 0.44351851851851853 0.2234375 0.4685185185185185 0.21927083333333333 0.4648148148148148 0.21927083333333333 0.47314814814814815 0.22447916666666667 0.47314814814814815 0.22916666666666666 0.47685185185185186 0.22916666666666666 0.4824074074074074 0.21979166666666666 0.4935185185185185 0.22395833333333334 0.4935185185185185 0.2265625 0.49722222222222223 0.22604166666666667 0.5009259259259259 0.23020833333333332 0.5027777777777778 0.23125 0.5074074074074074 0.225 0.5166666666666667 0.21927083333333333 0.5185185185185185 0.21927083333333333 0.5231481481481481 0.21770833333333334 0.5212962962962963 0.21770833333333334 0.5388888888888889 0.21145833333333333 0.5444444444444444 0.20572916666666666 0.5435185185185185 0.20364583333333333 0.5388888888888889 0.2 0.5398148148148149 0.1984375 0.5425925925925926 0.1984375 0.55 0.20208333333333334 0.5527777777777778 0.20625 0.55 0.21614583333333334 0.5509259259259259 0.21875 0.5574074074074075 0.22552083333333334 0.5574074074074075 0.2296875 0.5611111111111111 0.23125 0.5666666666666667 0.21875 0.5740740740740741 0.21770833333333334 0.5777777777777777 0.21979166666666666 0.5842592592592593 0.2234375 0.587037037037037 0.22083333333333333 0.5935185185185186 0.20572916666666666 0.5944444444444444 0.20520833333333333 0.6055555555555555 0.20052083333333334 0.6092592592592593 0.2 0.6148148148148148 0.1953125 0.6212962962962963 0.1921875 0.6388888888888888 0.18854166666666666 0.6370370370370371 0.18541666666666667 0.6435185185185185 0.18125 0.6361111111111111 0.18020833333333333 0.6277777777777778 0.17447916666666666 0.6212962962962963 0.16979166666666667 0.6203703703703703 0.16822916666666668 0.5981481481481481 0.1640625 0.5981481481481481 0.1640625 0.5916666666666667 0.16197916666666667 0.5888888888888889 0.15625 0.5916666666666667 0.15625 0.5777777777777777 0.153125 0.5666666666666667 0.14947916666666666 0.5666666666666667 0.14947916666666666 0.5712962962962963 0.14739583333333334 0.5712962962962963 0.14583333333333334 0.5666666666666667 0.14322916666666666 0.5666666666666667 0.1421875 0.5601851851851852 0.13958333333333334 0.5574074074074075 0.13333333333333333 0.5601851851851852 0.1328125 0.5555555555555556 0.13072916666666667 0.5555555555555556 0.12604166666666666 0.5462962962962963 0.11614583333333334 0.5509259259259259 0.11510416666666666 0.5527777777777778 0.1170140625 0.5574074074074075 0.11163177083333334 0.5574074074074075 0.11243489583333334 0.5527777777777778 0.10709635416666667 0.5527777777777778 0.10894114583333334 0.5574074074074075 0.10625 0.5574074074074075 0.10442708333333334 0.5527777777777778 0.10260416666666666 0.5555555555555556 0.1017578125 0.5527777777777778 0.1 0.5555555555555556 0.09908854166666667 0.5527777777777778 0.09375 0.5527777777777778 0.08697916666666666 0.5462962962962963 0.08802083333333334 0.5388888888888889 0.08489583333333334 0.5305555555555556 0.07864583333333333 0.5351851851851852 0.06302083333333333 0.5351851851851852 0.0625 0.5481481481481482 0.059895833333333336 0.55 0.05572916666666667 0.5462962962962963 0.05416666666666667 0.5509259259259259 0.05 0.5481481481481482 0.05572916666666667 0.5527777777777778 0.05572916666666667 0.5638888888888889 0.0578125 0.5694444444444444 0.05260416666666667 0.575925925925926 0.05572916666666667 0.5805555555555556 0.05572916666666667 0.5925925925925926 0.051041666666666666 0.600925925925926 0.05 0.6092592592592593 0.04791666666666667 0.612037037037037 0.05 0.6148148148148148 0.050520833333333334 0.6259259259259259 0.04583333333333333 0.6324074074074074 0.049479166666666664 0.6361111111111111 0.046875 0.6425925925925926 0.04479166666666667 0.6388888888888888 0.04479166666666667 0.6472222222222223 0.046875 0.6444444444444445 0.0484375 0.649074074074074 0.0453125 0.6527777777777778 0.04895833333333333 0.6574074074074074 0.04739583333333333 0.6666666666666666 0.04375 0.6703703703703704 0.04114583333333333 0.6796296296296296 0.0375 0.6851851851851852 0.0359375 0.6935185185185185 0.028645833333333332 0.6981481481481482 0.022916666666666665 0.6962962962962963 0.022916666666666665 0.6805555555555556 0.022395833333333334 0.6833333333333333 0.016666666666666666 0.6759259259259259 0.011458333333333333 0.6759259259259259