0 0.2890625 0.2777777777777778 0.2875 0.2847222222222222 0.2921875 0.28055555555555556 0.29375 0.2847222222222222 0.2962890625 0.28055555555555556 0.31015625 0.28055555555555556
0 0.29296875 0.26944444444444443 0.29296875 0.2763888888888889 0.2953125 0.2708333333333333
0 0.33203125 0.2611111111111111 0.32421875 0.26805555555555555 0.33046875 0.26805555555555555 0.33671875 0.25972222222222224 0.33671875 0.2652777777777778 0.3453125 0.25833333333333336 0.3453125 0.25416666666666665 0.35078125 0.25555555555555554 0.3578125 0.24583333333333332
0 0.37265625 0.2361111111111111 0.3703125 0.24027777777777778 0.375 0.2361111111111111
0 0.38828125 0.2263888888888889 0.3875 0.23055555555555557 0.38984375 0.23055555555555557 0.39375 0.2222222222222222
0 0.39609375 0.21805555555555556 0.3953125 0.22083333333333333 0.3984375 0.21805555555555556
0 0.42265625 0.20694444444444443 0.421875 0.2125 0.4296875 0.21944444444444444 0.43125 0.2263888888888889 0.44296875 0.24305555555555555 0.4484375 0.24444444444444444 0.45078125 0.24027777777777778 0.45234375 0.24583333333333332 0.45625 0.24444444444444444 0.46328125 0.25277777777777777 0.475 0.25555555555555554 0.44921875 0.2388888888888889 0.43515625 0.2 0.42734375 0.19722222222222222
0 0.60234375 0.7972222222222223 0.6078125 0.8069444444444445 0.6359375 0.8180555555555555 0.64921875 0.8319444444444445 0.671875 0.8319444444444445 0.6953125 0.8430555555555556 0.70703125 0.8555555555555555 0.70625 0.8472222222222222 0.6921875 0.8347222222222223 0.68203125 0.8319444444444445 0.67578125 0.8236111111111111 0.64375 0.8180555555555555 0.62265625 0.8
0 0.51484375 0.6347222222222222 0.51640625 0.6652777777777777 0.50390625 0.6944444444444444 0.52109375 0.7319444444444444 0.54609375 0.7694444444444445 0.584375 0.7986111111111112 0.59609375 0.8 0.59921875 0.7958333333333333 0.58828125 0.7902777777777777 0.5828125 0.7819444444444444 0.58359375 0.7763888888888889 0.59140625 0.7763888888888889 0.59296875 0.7722222222222223 0.590625 0.7680555555555556 0.57578125 0.7569444444444444 0.55625 0.7527777777777778 0.5421875 0.7305555555555555 0.5359375 0.6958333333333333 0.5375 0.6819444444444445 0.53515625 0.6777777777777778 0.53515625 0.6680555555555555 0.5390625 0.6652777777777777 0.53984375 0.6527777777777778 0.5296875 0.6291666666666667 0.53671875 0.6222222222222222 0.54375 0.6041666666666666 0.55625 0.5958333333333333 0.5671875 0.5958333333333333 0.57109375 0.5736111111111111 0.58125 0.5722222222222222 0.5953125 0.5583333333333333 0.6203125 0.5541666666666667 0.62890625 0.5611111111111111 0.63671875 0.5430555555555555 0.64296875 0.5388888888888889 0.68984375 0.5375 0.6984375 0.5291666666666667 0.73125 0.5263888888888889 0.7390625 0.5152777777777777 0.7578125 0.5166666666666667 0.76875 0.5097222222222222 0.77578125 0.5111111111111111 0.7828125 0.49722222222222223 0.7796875 0.49444444444444446 0.78046875 0.4986111111111111 0.778125 0.5 0.771875 0.4930555555555556 0.7625 0.5 0.75234375 0.49722222222222223 0.74453125 0.4888888888888889 0.7296875 0.49166666666666664 0.71328125 0.4847222222222222 0.690625 0.5013888888888889 0.67265625 0.5 0.66484375 0.5125 0.65390625 0.5097222222222222 0.64765625 0.4986111111111111 0.63359375 0.5138888888888888 0.6234375 0.5125 0.61640625 0.5055555555555555 0.60859375 0.5111111111111111 0.60390625 0.5263888888888889 0.56875 0.5444444444444444 0.559375 0.5625 0.5375 0.5694444444444444 0.53125 0.5805555555555556 0.5234375 0.6180555555555556
0 0.25625 0.3055555555555556 0.24453125 0.31805555555555554 0.25703125 0.33611111111111114 0.2609375 0.35 0.2609375 0.35555555555555557 0.24921875 0.37916666666666665 0.25078125 0.38333333333333336 0.25859375 0.3861111111111111 0.2609375 0.39166666666666666 0.26015625 0.39861111111111114 0.24921875 0.42083333333333334 0.2484375 0.4486111111111111 0.24296875 0.4597222222222222 0.234375 0.49722222222222223 0.22890625 0.5097222222222222 0.20859375 0.5291666666666667 0.196875 0.5708333333333333 0.190625 0.6083333333333333 0.1703125 0.6527777777777778 0.16796875 0.6708333333333333 0.1703125 0.7166666666666667 0.16796875 0.7416666666666667 0.171875 0.75 0.1921875 0.7458333333333333 0.2171875 0.7527777777777778 0.23125 0.7625 0.2421875 0.7625 0.24765625 0.7583333333333333 0.24921875 0.7486111111111111 0.2546875 0.7444444444444445 0.26171875 0.7458333333333333 0.26484375 0.7361111111111112 0.28671875 0.7361111111111112 0.290625 0.7402777777777778 0.29140625 0.7486111111111111 0.3 0.7541666666666667 0.3046875 0.7458333333333333 0.30703125 0.7222222222222222 0.328125 0.725 0.33359375 0.7208333333333333 0.34609375 0.7208333333333333 0.3515625 0.7305555555555555 0.359375 0.7305555555555555 0.35859375 0.725 0.37109375 0.7208333333333333 0.37578125 0.7236111111111111 0.375 0.7333333333333333 0.36953125 0.7388888888888889 0.3640625 0.7361111111111112 0.36484375 0.7430555555555556 0.37421875 0.7472222222222222 0.3765625 0.7611111111111111 0.38671875 0.7625 0.3890625 0.7583333333333333 0.38828125 0.7513888888888889 0.375 0.7486111111111111 0.3796875 0.7444444444444445 0.37734375 0.7444444444444445 0.375 0.7361111111111112 0.3796875 0.7361111111111112 0.3828125 0.7222222222222222 0.38671875 0.725 0.38984375 0.7208333333333333 0.3953125 0.7263888888888889 0.39296875 0.7319444444444444 0.39765625 0.7291666666666666 0.40234375 0.7402777777777778 0.403125 0.7583333333333333 0.40703125 0.7652777777777777 0.4171875 0.7486111111111111 0.42890625 0.7458333333333333 0.42890625 0.7583333333333333 0.43125 0.7625 0.4421875 0.7638888888888888 0.44453125 0.7680555555555556 0.4421875 0.7777777777777778 0.434375 0.7777777777777778 0.43828125 0.7819444444444444 0.4390625 0.7888888888888889 0.45625 0.7902777777777777 0.459375 0.7777777777777778 0.47890625 0.7777777777777778 0.48671875 0.7930555555555555 0.484375 0.8138888888888889 0.4875 0.825 0.49140625 0.8277777777777777 0.4984375 0.8222222222222222 0.50859375 0.8263888888888888 0.5125 0.8305555555555556 0.5140625 0.8458333333333333 0.52265625 0.8458333333333333 0.53046875 0.8597222222222223 0.5640625 0.8611111111111112 0.57109375 0.8847222222222222 0.58515625 0.8888888888888888 0.584375 0.8958333333333334 0.5890625 0.8916666666666667 0.59609375 0.9 0.5921875 0.9041666666666667 0.58671875 0.9027777777777778 0.58984375 0.9083333333333333 0.59765625 0.9013888888888889 0.60625 0.9027777777777778 0.63359375 0.9277777777777778 0.6578125 0.9333333333333333 0.684375 0.9513888888888888 0.7171875 0.9597222222222223 0.7171875 0.9555555555555556 0.709375 0.95 0.6953125 0.9472222222222222 0.678125 0.9361111111111111 0.66796875 0.9208333333333333 0.646875 0.9055555555555556 0.64375 0.8972222222222223 0.6328125 0.8986111111111111 0.6296875 0.8861111111111111 0.61171875 0.8791666666666667 0.60546875 0.8666666666666667 0.59921875 0.8736111111111111 0.59140625 0.8708333333333333 0.58046875 0.8625 0.57421875 0.8458333333333333 0.565625 0.8472222222222222 0.559375 0.8430555555555556 0.55 0.8166666666666667 0.54296875 0.8069444444444445 0.5359375 0.8125 0.528125 0.8027777777777778 0.528125 0.7847222222222222 0.52421875 0.7833333333333333 0.51953125 0.7930555555555555 0.515625 0.7944444444444444 0.49453125 0.7638888888888888 0.4828125 0.7527777777777778 0.4796875 0.7444444444444445 0.48125 0.7347222222222223 0.46640625 0.7194444444444444 0.4484375 0.7208333333333333 0.41796875 0.6986111111111111 0.39140625 0.6972222222222222 0.359375 0.7055555555555556 0.34296875 0.7055555555555556 0.30703125 0.6944444444444444 0.271875 0.6972222222222222 0.25859375 0.6847222222222222 0.25078125 0.6847222222222222 0.240625 0.6958333333333333 0.21171875 0.6916666666666667 0.19140625 0.7055555555555556 0.1796875 0.7013888888888888 0.1765625 0.6916666666666667 0.1765625 0.6569444444444444 0.1921875 0.6291666666666667 0.2 0.6013888888888889 0.20390625 0.5680555555555555 0.2140625 0.5361111111111111 0.23828125 0.5055555555555555 0.2421875 0.48333333333333334 0.25546875 0.44305555555555554 0.253125 0.425 0.265625 0.39444444444444443 0.26484375 0.38472222222222224 0.259375 0.375 0.259375 0.36666666666666664 0.2671875 0.35555555555555557 0.2671875 0.3486111111111111 0.26171875 0.325 0.2578125 0.3194444444444444 0.25859375 0.3055555555555556
0 0.29609375 0.2638888888888889 0.28984375 0.2722222222222222 0.28828125 0.2861111111111111 0.30390625 0.2847222222222222 0.315625 0.2777777777777778 0.3140625 0.2722222222222222 0.30078125 0.2638888888888889