0 0.511328125 0.9472222222222222 0.00078125 0.002777777777777778
0 0.6109375 0.9347222222222222 0.6109375 0.9444444444444444 0.61484375 0.9527777777777777 0.6234375 0.9444444444444444 0.61640625 0.9305555555555556
0 0.484375 0.8708333333333333 0.47890625 0.8708333333333333 0.4828125 0.8930555555555556 0.49375 0.9027777777777778 0.49921875 0.8902777777777777 0.49765625 0.8805555555555555
0 0.38828125 0.8319444444444445 0.38984375 0.8680555555555556 0.39296875 0.8791666666666667 0.40625 0.8791666666666667 0.4078125 0.8680555555555556 0.40390625 0.8555555555555555 0.4046875 0.8361111111111111 0.3984375 0.8277777777777777
0 0.41015625 0.7944444444444444 0.40859375 0.8 0.41171875 0.8083333333333333 0.4109375 0.8166666666666667 0.415625 0.8222222222222222 0.4171875 0.8319444444444445 0.4359375 0.8319444444444445 0.44140625 0.8361111111111111 0.44296875 0.8527777777777777 0.45078125 0.8625 0.4625 0.8625 0.47109375 0.8680555555555556 0.475 0.8611111111111112 0.47578125 0.8680555555555556 0.478125 0.8680555555555556 0.4734375 0.8541666666666666 0.4625 0.8402777777777778 0.4625 0.8333333333333334 0.45234375 0.8222222222222222 0.45234375 0.8166666666666667 0.465625 0.8208333333333333 0.48671875 0.8194444444444444 0.48671875 0.8083333333333333 0.48203125 0.7916666666666666 0.47421875 0.7875 0.4515625 0.7916666666666666 0.44921875 0.7875 0.4515625 0.7805555555555556 0.44921875 0.7611111111111111 0.43984375 0.7555555555555555 0.434375 0.7597222222222222 0.4203125 0.7875
0 0.46015625 0.6916666666666667 0.45625 0.6916666666666667 0.45625 0.6972222222222222 0.459375 0.6986111111111111
0 0.31015625 0.6166666666666667 0.309375 0.625 0.31328125 0.6263888888888889 0.3140625 0.6180555555555556
0 0.4125 0.6069444444444444 0.4140625 0.6194444444444445 0.43515625 0.6180555555555556 0.4390625 0.6069444444444444 0.42734375 0.6055555555555555 0.425 0.6013888888888889
0 0.45859375 0.5722222222222222 0.45 0.5875 0.45 0.5972222222222222 0.45234375 0.6 0.459375 0.6013888888888889 0.46640625 0.5833333333333334 0.46171875 0.5722222222222222
0 0.4 0.5430555555555555 0.4 0.5555555555555556 0.40390625 0.5555555555555556 0.40546875 0.5430555555555555
0 0.23203125 0.5611111111111111 0.23046875 0.5680555555555555 0.240625 0.5722222222222222 0.24375 0.5861111111111111 0.24765625 0.5847222222222223 0.2546875 0.5916666666666667 0.26171875 0.5736111111111111 0.26875 0.5666666666666667 0.29296875 0.5708333333333333 0.29765625 0.5680555555555555 0.2953125 0.5416666666666666 0.2640625 0.5430555555555555 0.26171875 0.5402777777777777 0.26328125 0.5333333333333333 0.25546875 0.5236111111111111 0.2484375 0.5402777777777777 0.2421875 0.5444444444444444
0 0.4 0.5055555555555555 0.39921875 0.5208333333333334 0.39453125 0.5236111111111111 0.39375 0.5291666666666667 0.4015625 0.5333333333333333 0.41796875 0.5291666666666667 0.41953125 0.5194444444444445 0.43046875 0.5013888888888889 0.43046875 0.49583333333333335 0.42421875 0.4930555555555556 0.4109375 0.49722222222222223
0 0.50625 0.5097222222222222 0.50390625 0.5263888888888889 0.50703125 0.5347222222222222 0.5109375 0.5763888888888888 0.52265625 0.5930555555555556 0.5265625 0.6111111111111112 0.5375 0.6305555555555555 0.5484375 0.6333333333333333 0.55546875 0.6402777777777777 0.58203125 0.6430555555555556 0.60390625 0.6666666666666666 0.5984375 0.6902777777777778 0.5703125 0.6888888888888889 0.5703125 0.6930555555555555 0.57421875 0.6944444444444444 0.57578125 0.6902777777777778 0.579296875 0.6944444444444444 0.58125 0.6888888888888889 0.5859375 0.6902777777777778 0.58515625 0.6958333333333333 0.59296875 0.6986111111111111 0.59453125 0.7180555555555556 0.5984375 0.7180555555555556 0.603125 0.725 0.61640625 0.725 0.61953125 0.7430555555555556 0.6328125 0.7541666666666667 0.6390625 0.7694444444444445 0.671875 0.7652777777777777 0.684375 0.7722222222222223 0.69375 0.7902777777777777 0.69140625 0.8069444444444445 0.6984375 0.8180555555555555 0.70625 0.8180555555555555 0.72109375 0.8097222222222222 0.74140625 0.8263888888888888 0.75234375 0.8305555555555556 0.77734375 0.8527777777777777 0.803125 0.8597222222222223 0.8203125 0.875 0.84140625 0.8819444444444444 0.85703125 0.9041666666666667 0.878125 0.9138888888888889 0.8828125 0.9138888888888889 0.87890625 0.9 0.88046875 0.8944444444444445 0.87109375 0.8902777777777777 0.86796875 0.8722222222222222 0.85078125 0.8666666666666667 0.84765625 0.8597222222222223 0.86171875 0.8472222222222222 0.8578125 0.8388888888888889 0.8640625 0.8361111111111111 0.86484375 0.8416666666666667 0.8734375 0.8402777777777778 0.88046875 0.8277777777777777 0.8828125 0.8333333333333334 0.88671875 0.8333333333333334 0.9 0.8638888888888889 0.91015625 0.8625 0.91328125 0.8680555555555556 0.9421875 0.8638888888888889 0.95625 0.8805555555555555 0.978125 0.8902777777777777 0.9890625 0.9041666666666667 0.99921875 0.9041666666666667 0.99921875 0.8777777777777778 0.9875 0.85 0.98828125 0.8430555555555556 0.9953125 0.8388888888888889 0.9953125 0.8333333333333334 0.98984375 0.8236111111111111 0.98359375 0.8180555555555555 0.9703125 0.8166666666666667 0.95703125 0.8055555555555556 0.94453125 0.8027777777777778 0.9359375 0.7930555555555555 0.91328125 0.7805555555555556 0.9046875 0.7680555555555556 0.89453125 0.7638888888888888 0.89296875 0.7597222222222222 0.87109375 0.7527777777777778 0.8640625 0.7416666666666667 0.8625 0.7319444444444444 0.85078125 0.7263888888888889 0.8484375 0.7194444444444444 0.8375 0.7138888888888889 0.83515625 0.7069444444444445 0.821875 0.6958333333333333 0.8015625 0.6847222222222222 0.78125 0.6541666666666667 0.78046875 0.6430555555555556 0.77421875 0.6277777777777778 0.7734375 0.6097222222222223 0.76015625 0.5944444444444444 0.7375 0.5930555555555556 0.7234375 0.6027777777777777 0.7234375 0.5972222222222222 0.71953125 0.5958333333333333 0.71953125 0.6041666666666666 0.715625 0.6138888888888889 0.70625 0.6152777777777778 0.7 0.6041666666666666 0.69921875 0.5944444444444444 0.69453125 0.5833333333333334 0.67421875 0.5847222222222223 0.6671875 0.5805555555555556 0.6625 0.5722222222222222 0.65625 0.575 0.65 0.5694444444444444 0.64765625 0.5583333333333333 0.65 0.5513888888888889 0.6625 0.55 0.66796875 0.5430555555555555 0.6625 0.5305555555555556 0.65703125 0.5291666666666667 0.63984375 0.5444444444444444 0.62890625 0.5638888888888889 0.6125 0.5694444444444444 0.60546875 0.5555555555555556 0.60390625 0.5444444444444444 0.59375 0.5305555555555556 0.59453125 0.5013888888888889 0.58203125 0.4888888888888889 0.5765625 0.47638888888888886 0.5765625 0.4666666666666667 0.56953125 0.4652777777777778 0.5609375 0.45555555555555555 0.5515625 0.45555555555555555 0.546875 0.4666666666666667 0.546875 0.4791666666666667 0.55078125 0.49583333333333335 0.55859375 0.5055555555555555 0.5546875 0.5180555555555556 0.5296875 0.5180555555555556 0.51484375 0.5013888888888889 0.50859375 0.5041666666666667