0 0.5351288056206089 0.68125 0.5362997658079626 0.69375 0.5398126463700235 0.6854166666666667
0 0.5234192037470726 0.5854166666666667 0.5199063231850117 0.5854166666666667 0.5199063231850117 0.6041666666666666 0.5245901639344263 0.6291666666666667 0.531615925058548 0.63125 0.5386416861826698 0.65 0.5409836065573771 0.6333333333333333 0.5480093676814989 0.6229166666666667 0.5468384074941453 0.60625 0.5409836065573771 0.5979166666666667 0.5292740046838408 0.5979166666666667
0 0.5901639344262295 0.56875 0.5889929742388759 0.59375 0.5925058548009368 0.5854166666666667
0 0.405152224824356 0.5229166666666667 0.4016393442622951 0.53125 0.40866510538641687 0.5291666666666667
0 0.405152224824356 0.5177083333333333 0.00234192037470726 0.0020833333333333333
0 0.376463700234192 0.5020833333333333 0.00117096018735363 0.004166666666666667
0 0.3471896955503513 0.21458333333333332 0.00351288056206089 0.004166666666666667
0 0.36065573770491804 0.19791666666666666 0.3559718969555035 0.19791666666666666 0.3559718969555035 0.20416666666666666 0.3618266978922717 0.20416666666666666
0 0.3296252927400468 0.17083333333333334 0.00117096018735363 0.004166666666666667
0 0.3185011709601874 0.13958333333333334 0.00234192037470726 0.004166666666666667
0 0.18384074941451992 0.13125 0.18266978922716628 0.14791666666666667 0.19086651053864168 0.14166666666666666 0.18969555035128804 0.12916666666666668
0 0.38173302107728335 0.12708333333333333 0.3805620608899297 0.1375 0.3864168618266979 0.1375 0.3911007025761124 0.125 0.38992974238875877 0.11666666666666667 0.38524590163934425 0.11666666666666667
0 0.22833723653395785 0.08125 0.2189695550351288 0.08541666666666667 0.22131147540983606 0.125 0.22950819672131148 0.14166666666666666 0.2423887587822014 0.14375 0.25878220140515223 0.17291666666666666 0.25644028103044497 0.21875 0.27049180327868855 0.23125 0.2927400468384075 0.23541666666666666 0.297423887587822 0.25 0.30562060889929743 0.25833333333333336 0.3091334894613583 0.275 0.2892271662763466 0.32916666666666666 0.2716627634660422 0.33125 0.26697892271662765 0.31666666666666665 0.26229508196721313 0.31875 0.26346604215456676 0.325 0.25644028103044497 0.33958333333333335 0.2505854800936768 0.36875 0.2576112412177986 0.41041666666666665 0.27049180327868855 0.44166666666666665 0.28688524590163933 0.45625 0.29508196721311475 0.4895833333333333 0.3325526932084309 0.5416666666666666 0.3430913348946136 0.5479166666666667 0.3594847775175644 0.5416666666666666 0.37236533957845436 0.55 0.3747072599531616 0.5666666666666667 0.3700234192037471 0.56875 0.3700234192037471 0.58125 0.3770491803278688 0.59375 0.3747072599531616 0.6375 0.3548009367681499 0.70625 0.3548009367681499 0.7479166666666667 0.3583138173302108 0.75625 0.3793911007025761 0.75625 0.40046838407494145 0.78125 0.40866510538641687 0.8229166666666666 0.40866510538641687 0.8416666666666667 0.41451990632318503 0.8541666666666666 0.42271662763466045 0.8541666666666666 0.4274004683840749 0.875 0.4484777517564403 0.9125 0.44730679156908665 0.9291666666666667 0.45081967213114754 0.9375 0.446135831381733 0.9479166666666666 0.45081967213114754 0.95625 0.4531615925058548 0.9958333333333333 0.572599531615925 0.9916666666666667 0.5866510538641686 0.975 0.594847775175644 0.9791666666666666 0.5995316159250585 0.9625 0.5971896955503513 0.95 0.6065573770491803 0.9375 0.6194379391100703 0.9354166666666667 0.6229508196721312 0.9166666666666666 0.6217798594847775 0.89375 0.6088992974238876 0.88125 0.6135831381733021 0.8229166666666666 0.607728337236534 0.8125 0.6100702576112412 0.8041666666666667 0.6065573770491803 0.7854166666666667 0.6065573770491803 0.74375 0.5971896955503513 0.7291666666666666 0.5971896955503513 0.71875 0.5936768149882904 0.7291666666666666 0.5901639344262295 0.71875 0.5889929742388759 0.7416666666666667 0.5831381733021077 0.74375 0.572599531615925 0.7229166666666667 0.5737704918032787 0.69375 0.5690866510538641 0.6875 0.5679156908665105 0.675 0.5597189695550351 0.66875 0.550351288056206 0.66875 0.5468384074941453 0.675 0.544496487119438 0.6895833333333333 0.5374707259953162 0.6979166666666666 0.5374707259953162 0.7166666666666667 0.531615925058548 0.7104166666666667 0.5163934426229508 0.7166666666666667 0.5117096018735363 0.7 0.5163934426229508 0.6875 0.5234192037470726 0.6875 0.5245901639344263 0.6604166666666667 0.5152224824355972 0.6479166666666667 0.49882903981264637 0.6604166666666667 0.49765807962529274 0.65625 0.49414519906323184 0.6645833333333333 0.49063231850117095 0.6604166666666667 0.49414519906323184 0.6229166666666667 0.4882903981264637 0.60625 0.48243559718969553 0.6020833333333333 0.48009367681498827 0.5791666666666667 0.48711943793911006 0.5666666666666667 0.48009367681498827 0.5604166666666667 0.48009367681498827 0.54375 0.47306791569086654 0.54375 0.4672131147540984 0.5541666666666667 0.46955503512880564 0.5625 0.4648711943793911 0.575 0.4016393442622951 0.58125 0.4028103044496487 0.5375 0.3981264637002342 0.5395833333333333 0.39695550351288056 0.5229166666666667 0.39227166276346603 0.5270833333333333 0.3864168618266979 0.5208333333333334 0.38992974238875877 0.5125 0.3805620608899297 0.51875 0.3770491803278688 0.5104166666666666 0.373536299765808 0.5229166666666667 0.3583138173302108 0.5291666666666667 0.34192037470725994 0.5229166666666667 0.32903981264637 0.49583333333333335 0.32669789227166274 0.48125 0.3185011709601874 0.4708333333333333 0.3149882903981265 0.45 0.3231850117096019 0.44375 0.35011709601873536 0.44375 0.35011709601873536 0.4354166666666667 0.3629976580796253 0.41041666666666665 0.36885245901639346 0.3875 0.3665105386416862 0.35 0.3758782201405152 0.32916666666666666 0.3665105386416862 0.32916666666666666 0.36416861826697894 0.3229166666666667 0.3618266978922717 0.28541666666666665 0.35362997658079626 0.26666666666666666 0.351288056206089 0.23125 0.34192037470725994 0.22916666666666666 0.34192037470725994 0.2125 0.3360655737704918 0.21666666666666667 0.33021077283372363 0.21041666666666667 0.32786885245901637 0.17916666666666667 0.3185011709601874 0.17291666666666666 0.3231850117096019 0.1625 0.3161592505854801 0.15625 0.319672131147541 0.15 0.3126463700234192 0.14791666666666667 0.3126463700234192 0.13125 0.319672131147541 0.13125 0.3161592505854801 0.11875 0.3114754098360656 0.12916666666666668 0.30562060889929743 0.12916666666666668 0.30874355971896955 0.11875 0.3013266978922717 0.11875 0.2997658079625293 0.12916666666666668 0.2927400468384075 0.11666666666666667 0.29508196721311475 0.10625 0.28454332552693207 0.11666666666666667 0.2822014051522248 0.11041666666666666 0.27049180327868855 0.11666666666666667 0.2693208430913349 0.11041666666666666 0.2693208430913349 0.11875 0.25995316159250587 0.11666666666666667 0.24004683840749413 0.0875
0 0.36065573770491804 0.9895833333333334 0.00936768149882904 0.004166666666666667
0 0.8911007025761124 0.8666666666666667 0.8911007025761124 0.8875 0.8864168618266979 0.8875 0.8887587822014051 0.8979166666666667 0.8770491803278688 0.8979166666666667 0.8864168618266979 0.9104166666666667 0.8899297423887588 0.8979166666666667 0.9098360655737705 0.89375 0.9016393442622951 0.8895833333333333 0.8992974238875878 0.86875 0.8969555035128806 0.8666666666666667 0.8946135831381733 0.8770833333333333 0.8911007025761124 0.875
0 0.8788056206088993 0.8708333333333333 0.00117096018735363 0.008333333333333333
0 0.36885245901639346 0.8166666666666667 0.36533957845433257 0.81875 0.36885245901639346 0.8229166666666666
0 0.6574941451990632 0.6614583333333334 0.00117096018735363 0.0020833333333333333
0 0.4490632318501171 0.596875 0.00117096018735363 0.00625
0 0.5105386416861827 0.5 0.5117096018735363 0.51875 0.5210772833723654 0.5104166666666666 0.5163934426229508 0.5041666666666667 0.5199063231850117 0.5 0.5187353629976581 0.49375
0 0.6053864168618267 0.4875 0.6042154566744731 0.5 0.6112412177985949 0.50625 0.6229508196721312 0.5041666666666667 0.6217798594847775 0.475
0 0.42271662763466045 0.3854166666666667 0.41920374707259955 0.3875 0.4215456674473068 0.39166666666666666
0 0.5269320843091335 0.375 0.5257611241217799 0.37916666666666665 0.5292740046838408 0.37916666666666665
0 0.24004683840749413 0.35208333333333336 0.2388758782201405 0.375 0.2459016393442623 0.39166666666666666 0.24355971896955503 0.34791666666666665
0 0.3659250585480094 0.2708333333333333 0.00117096018735363 0.004166666666666667
0 0.37822014051522246 0.10833333333333334 0.3770491803278688 0.125 0.36885245901639346 0.12916666666666668 0.37236533957845436 0.1375 0.3747072599531616 0.12916666666666668 0.3805620608899297 0.14166666666666666 0.3875878220140515 0.14166666666666666 0.39695550351288056 0.1375 0.39695550351288056 0.12291666666666666 0.4028103044496487 0.12916666666666668 0.4016393442622951 0.11666666666666667 0.39227166276346603 0.11875 0.382903981264637 0.10625