0 0.5984375 0.8796296296296297 0.5989583333333334 0.8861111111111111 0.603125 0.8833333333333333 0.6088541666666667 0.8925925925925926 0.6119791666666666 0.8916666666666667 0.6161458333333333 0.8842592592592593 0.6197916666666666 0.8861111111111111 0.6203125 0.8824074074074074 0.6203125 0.8796296296296297 0.6182291666666667 0.8824074074074074 0.6140625 0.8805555555555555 0.615625 0.8694444444444445 0.6125 0.8583333333333333 0.609375 0.8601851851851852 0.6067708333333334 0.8666666666666667 0.60625 0.8777777777777778 0.6041666666666666 0.8824074074074074
0 0.5098958333333333 0.8731481481481481 0.5088541666666667 0.8824074074074074 0.5229166666666667 0.8870370370370371 0.5260416666666666 0.8833333333333333 0.525 0.8731481481481481 0.5270833333333333 0.8694444444444445 0.525 0.8657407407407407 0.5265625 0.862037037037037 0.5244791666666667 0.8601851851851852 0.5213541666666667 0.8638888888888889 0.51875 0.8611111111111112 0.51875 0.8675925925925926 0.5151041666666667 0.8657407407407407
0 0.0421875 0.8092592592592592 0.04114583333333333 0.8175925925925925 0.03697916666666667 0.8203703703703704 0.04010416666666667 0.8240740740740741 0.03854166666666667 0.8305555555555556 0.05364583333333333 0.8342592592592593 0.0546875 0.8194444444444444 0.051041666666666666 0.8092592592592592 0.046875 0.8037037037037037
0 0.017708333333333333 0.8342592592592593 0.016666666666666666 0.8435185185185186 0.0125 0.8481481481481481 0.013020833333333334 0.862037037037037 0.014583333333333334 0.8657407407407407 0.022395833333333334 0.8601851851851852 0.025520833333333333 0.8638888888888889 0.027604166666666666 0.8490740740740741 0.026041666666666668 0.8342592592592593
0 0.5130208333333334 0.9037037037037037 0.5125 0.9111111111111111 0.5145833333333333 0.9175925925925926 0.5130208333333334 0.9398148148148148 0.515625 0.9537037037037037 0.5213541666666667 0.9435185185185185 0.5255208333333333 0.925 0.5239583333333333 0.9185185185185185 0.525 0.9111111111111111 0.521875 0.9037037037037037 0.5265625 0.8972222222222223 0.5239583333333333 0.8944444444444445 0.5260416666666666 0.8898148148148148 0.5182291666666666 0.8898148148148148 0.5177083333333333 0.8944444444444445 0.5145833333333333 0.8944444444444445
0 0.20208333333333334 0.7129629629629629 0.20052083333333334 0.7277777777777777 0.203125 0.7425925925925926 0.20885416666666667 0.7379629629629629 0.21354166666666666 0.7175925925925926 0.221875 0.7166666666666667 0.22395833333333334 0.7092592592592593 0.23854166666666668 0.7018518518518518 0.240625 0.6962962962962963 0.23645833333333333 0.6925925925925925 0.22604166666666667 0.6972222222222222 0.215625 0.6962962962962963 0.20885416666666667 0.7018518518518518
0 0.05520833333333333 0.7851851851851852 0.05625 0.7972222222222223 0.0640625 0.7916666666666666 0.06979166666666667 0.7962962962962963 0.07447916666666667 0.7953703703703704 0.08125 0.8018518518518518 0.08385416666666666 0.7962962962962963 0.08333333333333333 0.7787037037037037 0.08854166666666667 0.7509259259259259 0.06927083333333334 0.7675925925925926 0.06041666666666667 0.7814814814814814
0 0.3963541666666667 0.9703703703703703 0.3958333333333333 0.9787037037037037 0.39947916666666666 0.9879629629629629 0.39947916666666666 0.9944444444444445 0.40260416666666665 0.9990740740740741 0.421875 0.9990740740740741 0.42604166666666665 0.9944444444444445 0.4265625 0.9879629629629629 0.421875 0.9787037037037037 0.42239583333333336 0.9740740740740741 0.4203125 0.9768518518518519 0.4197916666666667 0.9731481481481481 0.415625 0.9703703703703703 0.415625 0.9574074074074074 0.42291666666666666 0.9555555555555556 0.42291666666666666 0.9527777777777777 0.42239583333333336 0.9453703703703704 0.4197916666666667 0.9472222222222222 0.415625 0.9435185185185185 0.41510416666666666 0.9296296296296296 0.41041666666666665 0.9333333333333333 0.4088541666666667 0.9388888888888889 0.41302083333333334 0.9444444444444444 0.41458333333333336 0.9564814814814815 0.4114583333333333 0.9611111111111111 0.40729166666666666 0.9583333333333334 0.40625 0.9638888888888889 0.4036458333333333 0.9629629629629629
0 0.4546875 0.8527777777777777 0.4515625 0.8583333333333333 0.44947916666666665 0.8555555555555555 0.45208333333333334 0.8759259259259259 0.45625 0.8768518518518519 0.45989583333333334 0.8861111111111111 0.4703125 0.887962962962963 0.4744791666666667 0.8824074074074074 0.47760416666666666 0.887962962962963 0.484375 0.8898148148148148 0.48802083333333335 0.8740740740740741 0.49114583333333334 0.8833333333333333 0.49583333333333335 0.8833333333333333 0.4984375 0.8898148148148148 0.5 0.8796296296296297 0.4947916666666667 0.8722222222222222 0.4953125 0.8657407407407407 0.48802083333333335 0.8685185185185185 0.484375 0.8657407407407407 0.48489583333333336 0.8611111111111112 0.47708333333333336 0.8611111111111112 0.47291666666666665 0.8666666666666667 0.4708333333333333 0.8611111111111112 0.4708333333333333 0.8638888888888889 0.46822916666666664 0.8629629629629629 0.4671875 0.8518518518518519
0 0.38958333333333334 0.799074074074074 0.3921875 0.8074074074074075 0.3880208333333333 0.8157407407407408 0.38697916666666665 0.8268518518518518 0.390625 0.8416666666666667 0.4010416666666667 0.8435185185185186 0.40729166666666666 0.837037037037037 0.4114583333333333 0.8388888888888889 0.41875 0.8287037037037037 0.42291666666666666 0.8296296296296296 0.4244791666666667 0.8268518518518518 0.428125 0.8305555555555556 0.42864583333333334 0.8351851851851851 0.42864583333333334 0.8314814814814815 0.4359375 0.8314814814814815 0.4354166666666667 0.8138888888888889 0.4276041666666667 0.7962962962962963 0.42916666666666664 0.7935185185185185 0.428125 0.7685185185185185 0.43125 0.7537037037037037 0.43125 0.737037037037037 0.43385416666666665 0.7296296296296296 0.4317708333333333 0.7166666666666667 0.43385416666666665 0.7129629629629629 0.4322916666666667 0.7037037037037037 0.425 0.712037037037037 0.42083333333333334 0.7092592592592593 0.4088541666666667 0.7129629629629629 0.40729166666666666 0.7324074074074074 0.41510416666666666 0.7407407407407407 0.40989583333333335 0.7481481481481481 0.41041666666666665 0.7527777777777778 0.4041666666666667 0.7611111111111111 0.40572916666666664 0.7657407407407407 0.4 0.7787037037037037 0.3963541666666667 0.7824074074074074 0.39791666666666664 0.7907407407407407 0.3932291666666667 0.7907407407407407
0 0.4583333333333333 0.7814814814814814 0.4578125 0.7898148148148149 0.46041666666666664 0.7925925925925926 0.4583333333333333 0.7962962962962963 0.45989583333333334 0.8055555555555556 0.459375 0.8314814814814815 0.465625 0.8351851851851851 0.4666666666666667 0.8388888888888889 0.4713541666666667 0.8351851851851851 0.47552083333333334 0.8212962962962963 0.4817708333333333 0.8185185185185185 0.48541666666666666 0.8231481481481482 0.48333333333333334 0.8287037037037037 0.4859375 0.8305555555555556 0.49583333333333335 0.825925925925926 0.5104166666666666 0.8305555555555556 0.5119791666666667 0.8361111111111111 0.515625 0.825 0.5171875 0.8342592592592593 0.5161458333333333 0.8435185185185186 0.5197916666666667 0.8518518518518519 0.51875 0.8555555555555555 0.5229166666666667 0.8546296296296296 0.5239583333333333 0.85 0.5302083333333333 0.8444444444444444 0.5380208333333333 0.85 0.5442708333333334 0.8453703703703703 0.5411458333333333 0.8333333333333334 0.5421875 0.8203703703703704 0.5453125 0.8175925925925925 0.5453125 0.8138888888888889 0.5401041666666667 0.7972222222222223 0.540625 0.7916666666666666 0.5390625 0.7907407407407407 0.534375 0.799074074074074 0.53125 0.799074074074074 0.5276041666666667 0.7935185185185185 0.525 0.7824074074074074 0.5260416666666666 0.7787037037037037 0.5234375 0.7796296296296297 0.5208333333333334 0.7731481481481481 0.5229166666666667 0.7685185185185185 0.521875 0.7638888888888888 0.5255208333333333 0.7648148148148148 0.5276041666666667 0.7583333333333333 0.525 0.7546296296296297 0.528125 0.7472222222222222 0.5265625 0.737037037037037 0.5229166666666667 0.7324074074074074 0.5171875 0.7342592592592593 0.5145833333333333 0.7509259259259259 0.5015625 0.7537037037037037 0.5005208333333333 0.7611111111111111 0.4953125 0.7685185185185185 0.4953125 0.7777777777777778 0.4869791666666667 0.7805555555555556 0.4859375 0.7898148148148149 0.4890625 0.7935185185185185 0.4765625 0.8 0.47552083333333334 0.8046296296296296 0.4713541666666667 0.799074074074074 0.465625 0.8 0.46458333333333335 0.7925925925925926 0.46875 0.7898148148148149 0.4666666666666667 0.7814814814814814 0.45989583333333334 0.7787037037037037
0 0.559375 0.7722222222222223 0.5609375 0.774074074074074 0.5588541666666667 0.7898148148148149 0.5609375 0.7944444444444444 0.5567708333333333 0.8037037037037037 0.5604166666666667 0.8046296296296296 0.5572916666666666 0.8111111111111111 0.5572916666666666 0.8166666666666667 0.5598958333333334 0.8212962962962963 0.5604166666666667 0.837037037037037 0.5640625 0.8240740740740741 0.5630208333333333 0.8203703703703704 0.5682291666666667 0.8074074074074075 0.5671875 0.799074074074074 0.5786458333333333 0.7981481481481482 0.5828125 0.8324074074074074 0.5848958333333333 0.8398148148148148 0.5885416666666666 0.8425925925925926 0.5921875 0.8388888888888889 0.5953125 0.8277777777777777 0.5994791666666667 0.8342592592592593 0.5984375 0.8472222222222222 0.6005208333333333 0.8462962962962963 0.6010416666666667 0.8416666666666667 0.6041666666666666 0.8407407407407408 0.6057291666666667 0.8416666666666667 0.6052083333333333 0.8453703703703703 0.6135416666666667 0.8416666666666667 0.615625 0.8490740740740741 0.61875 0.8398148148148148 0.6229166666666667 0.8481481481481481 0.6302083333333334 0.8472222222222222 0.6369791666666667 0.8416666666666667 0.6354166666666666 0.8388888888888889 0.6369791666666667 0.8342592592592593 0.6354166666666666 0.8305555555555556 0.634375 0.8064814814814815 0.634375 0.8009259259259259 0.6364583333333333 0.8 0.6348958333333333 0.8 0.6348958333333333 0.7944444444444444 0.6369791666666667 0.7851851851851852 0.6239583333333333 0.7796296296296297 0.6234375 0.7722222222222223 0.6213541666666667 0.7694444444444445 0.6286458333333333 0.7583333333333333 0.6234375 0.7425925925925926 0.6270833333333333 0.7212962962962963 0.6255208333333333 0.7138888888888889 0.6151041666666667 0.7157407407407408 0.6078125 0.737037037037037 0.6078125 0.7527777777777778 0.5828125 0.7842592592592592 0.5755208333333334 0.7805555555555556 0.575 0.7731481481481481 0.56875 0.7648148148148148 0.5640625 0.7722222222222223