0 0.5046838407494145 0.29583333333333334 0.5011709601873536 0.3145833333333333 0.5035128805620609 0.41041666666666665 0.5058548009367682 0.4270833333333333 0.5105386416861827 0.42916666666666664 0.5175644028103045 0.36666666666666664 0.5105386416861827 0.35 0.509367681498829 0.30625 0.5058548009367682 0.29791666666666666
0 0.09133489461358314 0.8708333333333333 0.0702576112412178 0.8791666666666667 0.0702576112412178 0.9145833333333333 0.07377049180327869 0.9104166666666667 0.07259953161592506 0.9041666666666667 0.07728337236533958 0.9020833333333333 0.09836065573770492 0.925 0.1053864168618267 0.9104166666666667 0.1053864168618267 0.8854166666666666 0.09718969555035128 0.8770833333333333 0.09836065573770492 0.8708333333333333
0 0.4215456674473068 0.5145833333333333 0.42271662763466045 0.6 0.42857142857142855 0.6145833333333334 0.42857142857142855 0.6395833333333333 0.43559718969555034 0.6541666666666667 0.4379391100702576 0.6083333333333333 0.43208430913348944 0.5666666666666667 0.4332552693208431 0.5333333333333333 0.4262295081967213 0.5145833333333333
0 0.7271662763466042 0.5104166666666666 0.724824355971897 0.5770833333333333 0.7353629976580797 0.6229166666666667 0.7412177985948478 0.6270833333333333 0.7423887587822015 0.5645833333333333 0.7400468384074942 0.5333333333333333 0.7330210772833724 0.5104166666666666
0 0.9596018735362998 0.6958333333333333 0.9508196721311475 0.7 0.9531615925058547 0.71875 0.9637002341920374 0.7270833333333333 0.955503512880562 0.7291666666666666 0.9613583138173302 0.7354166666666667 0.9590163934426229 0.7479166666666667 0.949648711943794 0.7625 0.9543325526932084 0.7854166666666667 0.9379391100702577 0.79375 0.9344262295081968 0.8041666666666667 0.9391100702576113 0.8208333333333333 0.9519906323185011 0.83125 0.9695550351288056 0.8270833333333333 0.968384074941452 0.8166666666666667 0.9578454332552693 0.8 0.955503512880562 0.7833333333333333 0.9637002341920374 0.7645833333333333 0.9578454332552693 0.75 0.9695550351288056 0.73125 0.9707259953161592 0.7104166666666667 0.9672131147540983 0.6958333333333333
0 0.23653395784543327 0.8479166666666667 0.23653395784543327 0.8583333333333333 0.2224824355971897 0.875 0.2224824355971897 0.9145833333333333 0.22833723653395785 0.9375 0.24355971896955503 0.9479166666666666 0.24824355971896955 0.9416666666666667 0.2505854800936768 0.9145833333333333 0.24473067915690866 0.8770833333333333 0.23653395784543327 0.8625 0.24121779859484777 0.8604166666666667 0.24004683840749413 0.8479166666666667
0 0.00936768149882904 0.8333333333333334 0 0.8395833333333333 0 0.9833333333333333 0.01522248243559719 0.9833333333333333 0.01873536299765808 0.96875 0.01522248243559719 0.9458333333333333 0.01522248243559719 0.8333333333333334
0 0.21662763466042154 0.6583333333333333 0.2107728337236534 0.6625 0.19789227166276346 0.6916666666666667 0.20374707259953162 0.70625 0.20023419203747073 0.7291666666666666 0.20374707259953162 0.7604166666666666 0.2189695550351288 0.79375 0.22131147540983606 0.7854166666666667 0.21428571428571427 0.7354166666666667 0.2306791569086651 0.7166666666666667 0.23302107728337237 0.6791666666666667 0.2224824355971897 0.6583333333333333
0 0.9894613583138173 0.5041666666666667 0.9824355971896955 0.5375 0.9672131147540983 0.5458333333333333 0.9625292740046838 0.5583333333333333 0.9625292740046838 0.5708333333333333 0.9730679156908665 0.5979166666666667 0.9648711943793911 0.6270833333333333 0.968384074941452 0.6395833333333333 0.9824355971896955 0.6333333333333333 0.9871194379391101 0.5979166666666667 0.9988290398126464 0.5770833333333333 0.9988290398126464 0.5083333333333333 0.9918032786885246 0.5041666666666667
0 0.2576112412177986 0.53125 0.2505854800936768 0.5354166666666667 0.2388758782201405 0.55625 0.22950819672131148 0.5541666666666667 0.234192037470726 0.5604166666666667 0.23536299765807964 0.5833333333333334 0.24473067915690866 0.5916666666666667 0.24707259953161592 0.625 0.26346604215456676 0.64375 0.2693208430913349 0.7645833333333333 0.2716627634660422 0.775 0.27985948477751754 0.775 0.2892271662763466 0.7583333333333333 0.2903981264637002 0.74375 0.28454332552693207 0.7291666666666666 0.2892271662763466 0.7166666666666667 0.2892271662763466 0.68125 0.2810304449648712 0.68125 0.2775175644028103 0.675 0.26346604215456676 0.6333333333333333 0.2716627634660422 0.6104166666666667 0.27634660421545665 0.5625 0.275175644028103 0.55625 0.2681498829039813 0.55625 0.2646370023419204 0.5395833333333333 0.25878220140515223 0.5333333333333333
0 0.3665105386416862 0.4354166666666667 0.3548009367681499 0.45625 0.36885245901639346 0.47291666666666665 0.3700234192037471 0.5 0.3665105386416862 0.5083333333333333 0.34192037470725994 0.5125 0.34543325526932084 0.5458333333333333 0.33840749414519905 0.5625 0.3325526932084309 0.55625 0.32786885245901637 0.5291666666666667 0.3091334894613583 0.5208333333333334 0.31030444964871196 0.55625 0.3161592505854801 0.5854166666666667 0.3091334894613583 0.6229166666666667 0.32084309133489464 0.6229166666666667 0.32435597189695553 0.6125 0.33489461358313816 0.6166666666666667 0.33489461358313816 0.6229166666666667 0.3477751756440281 0.6354166666666666 0.35362997658079626 0.6229166666666667 0.35362997658079626 0.6125 0.34894613583138173 0.59375 0.3430913348946136 0.5875 0.3477751756440281 0.58125 0.3430913348946136 0.5729166666666666 0.35714285714285715 0.5666666666666667 0.36065573770491804 0.5729166666666666 0.3594847775175644 0.5916666666666667 0.373536299765808 0.59375 0.3747072599531616 0.56875 0.382903981264637 0.5666666666666667 0.38173302107728335 0.55625 0.3875878220140515 0.5541666666666667 0.3875878220140515 0.5354166666666667 0.37822014051522246 0.5041666666666667 0.382903981264637 0.4895833333333333 0.36885245901639346 0.4354166666666667
0 0.09133489461358314 0.5666666666666667 0.08899297423887588 0.5875 0.08430913348946135 0.5958333333333333 0.053864168618266976 0.5916666666666667 0.04215456674473068 0.6020833333333333 0.04566744730679157 0.6291666666666667 0.04215456674473068 0.6729166666666667 0.04449648711943794 0.6791666666666667 0.05152224824355972 0.6791666666666667 0.05737704918032787 0.6229166666666667 0.07611241217798595 0.625 0.07494145199063232 0.6354166666666666 0.08196721311475409 0.6416666666666667 0.07845433255269321 0.6666666666666666 0.06323185011709602 0.66875 0.06440281030444965 0.6916666666666667 0.0702576112412178 0.6958333333333333 0.07142857142857142 0.7104166666666667 0.06791569086651054 0.71875 0.07259953161592506 0.7583333333333333 0.08079625292740047 0.7625 0.08430913348946135 0.775 0.09016393442622951 0.76875 0.09718969555035128 0.775 0.11475409836065574 0.8145833333333333 0.12177985948477751 0.8208333333333333 0.12295081967213115 0.80625 0.117096018735363 0.8 0.11943793911007025 0.7645833333333333 0.1252927400468384 0.7479166666666667 0.13466042154566746 0.7479166666666667 0.13934426229508196 0.775 0.1522248243559719 0.7791666666666667 0.14988290398126464 0.8041666666666667 0.1405152224824356 0.79375 0.13934426229508196 0.7979166666666667 0.14285714285714285 0.8291666666666667 0.15807962529274006 0.8479166666666667 0.1592505854800937 0.8583333333333333 0.17096018735362997 0.8645833333333334 0.17798594847775176 0.8479166666666667 0.17330210772833723 0.8270833333333333 0.18384074941451992 0.8020833333333334 0.18384074941451992 0.7541666666666667 0.17798594847775176 0.7229166666666667 0.16627634660421545 0.7270833333333333 0.15690866510538642 0.7125 0.16042154566744732 0.70625 0.16393442622950818 0.7104166666666667 0.1756440281030445 0.7041666666666667 0.1721311475409836 0.6645833333333333 0.15339578454332553 0.6479166666666667 0.13934426229508196 0.6541666666666667 0.12177985948477751 0.6145833333333334 0.1053864168618267 0.6145833333333334 0.09836065573770492 0.6 0.09718969555035128 0.5666666666666667
0 0.3337236533957845 0.70625 0.33021077283372363 0.7166666666666667 0.33021077283372363 0.7541666666666667 0.32435597189695553 0.7604166666666666 0.32435597189695553 0.7770833333333333 0.32903981264637 0.7791666666666667 0.33021077283372363 0.7854166666666667 0.32669789227166274 0.7895833333333333 0.33021077283372363 0.7916666666666666 0.33840749414519905 0.7895833333333333 0.3372365339578454 0.76875 0.3442622950819672 0.7479166666666667 0.3395784543325527 0.70625
0 0.4964871194379391 0.74375 0.49063231850117095 0.7604166666666666 0.49414519906323184 0.8208333333333333 0.47892271662763464 0.8854166666666666 0.47892271662763464 0.9666666666666667 0.48711943793911006 0.9854166666666667 0.4964871194379391 0.9833333333333333 0.4964871194379391 0.975 0.5035128805620609 0.96875 0.5058548009367682 0.9583333333333334 0.5046838407494145 0.93125 0.5011709601873536 0.9270833333333334 0.5035128805620609 0.9104166666666667 0.49882903981264637 0.8958333333333334 0.49882903981264637 0.74375
0 0.41217798594847777 0.6541666666666667 0.4028103044496487 0.6666666666666666 0.40398126463700235 0.71875 0.40046838407494145 0.7375 0.4063231850117096 0.75625 0.41100702576112413 0.75625 0.41920374707259955 0.7395833333333334 0.4215456674473068 0.6666666666666666 0.41569086651053866 0.6541666666666667