0 0.8509389671361502 0.125 0.8497652582159625 0.13958333333333334 0.8568075117370892 0.16041666666666668 0.8814553990610329 0.16041666666666668 0.8661971830985915 0.125
0 0.4154929577464789 0.73125 0.4107981220657277 0.7416666666666667 0.4166666666666667 0.7604166666666666 0.43309859154929575 0.7604166666666666 0.4460093896713615 0.7416666666666667 0.4460093896713615 0.73125 0.43661971830985913 0.71875 0.4272300469483568 0.71875
0 0.01056338028169014 0.6645833333333333 0 0.6875 0.0011737089201877935 0.7020833333333333 0.009389671361502348 0.7166666666666667 0.02112676056338028 0.7166666666666667 0.05046948356807512 0.6875 0.056338028169014086 0.675 0.0528169014084507 0.6625 0.03169014084507042 0.675 0.028169014084507043 0.64375 0.02112676056338028 0.64375 0.02112676056338028 0.6541666666666667
0 0.25 0.7958333333333333 0.25234741784037557 0.8 0.2476525821596244 0.8 0.2476525821596244 0.80625 0.2511737089201878 0.8395833333333333 0.26173708920187794 0.8229166666666666 0.2711267605633803 0.83125 0.2805164319248826 0.8291666666666667 0.2687793427230047 0.8166666666666667 0.25704225352112675 0.8229166666666666 0.25234741784037557 0.7958333333333333
0 0.8192488262910798 0.5875 0.8039906103286385 0.65 0.8133802816901409 0.65 0.8286384976525821 0.6229166666666667 0.8215962441314554 0.5875
0 0.7523474178403756 0.625 0.7546948356807511 0.6479166666666667 0.7629107981220657 0.6541666666666667 0.7711267605633803 0.675 0.7652582159624414 0.6916666666666667 0.7652582159624414 0.7041666666666667 0.7699530516431925 0.70625 0.7828638497652582 0.6791666666666667 0.778169014084507 0.675 0.7758215962441315 0.6541666666666667 0.7582159624413145 0.625
0 0.8802816901408451 0.48125 0.8650234741784038 0.5291666666666667 0.8685446009389671 0.5479166666666667 0.8884976525821596 0.5145833333333333 0.8931924882629108 0.4875 0.886150234741784 0.48125
0 0.29225352112676056 0.8395833333333333 0.289906103286385 0.84375 0.29460093896713613 0.8479166666666667 0.2875586854460094 0.8583333333333333 0.2535211267605634 0.8541666666666666 0.26173708920187794 0.8583333333333333 0.2652582159624413 0.86875 0.27230046948356806 0.8666666666666667 0.27816901408450706 0.8833333333333333 0.3227699530516432 0.89375 0.323943661971831 0.8895833333333333 0.31103286384976525 0.8770833333333333 0.3145539906103286 0.8708333333333333 0.30985915492957744 0.875 0.29460093896713613 0.8520833333333333 0.2981220657276995 0.8458333333333333 0.2934272300469484 0.8395833333333333
0 0.6631455399061033 0.7416666666666667 0.647887323943662 0.7458333333333333 0.6502347417840375 0.7645833333333333 0.6349765258215962 0.775 0.6384976525821596 0.7895833333333333 0.6255868544600939 0.7916666666666666 0.6220657276995305 0.7979166666666667 0.647887323943662 0.8020833333333334 0.6713615023474179 0.7791666666666667 0.6713615023474179 0.7708333333333334 0.6784037558685446 0.7604166666666666 0.6643192488262911 0.7416666666666667
0 0.39906103286384975 0.8291666666666667 0.38967136150234744 0.8333333333333334 0.38380281690140844 0.8458333333333333 0.3744131455399061 0.8458333333333333 0.3744131455399061 0.8583333333333333 0.3673708920187793 0.8729166666666667 0.3380281690140845 0.8770833333333333 0.33215962441314556 0.8875 0.3415492957746479 0.8958333333333334 0.3392018779342723 0.8895833333333333 0.3427230046948357 0.8875 0.34624413145539906 0.8958333333333334 0.36502347417840375 0.9020833333333333 0.3931924882629108 0.8625 0.4084507042253521 0.8666666666666667 0.42370892018779344 0.8875 0.45774647887323944 0.8833333333333333 0.45774647887323944 0.86875 0.4460093896713615 0.8541666666666666 0.42018779342723006 0.85625 0.4014084507042254 0.8291666666666667
0 0.9730046948356808 0 0.9589201877934272 0 0.9589201877934272 0.022916666666666665 0.9483568075117371 0.035416666666666666 0.9671361502347418 0.07083333333333333 0.9636150234741784 0.10833333333333334 0.9671361502347418 0.1125 0.9589201877934272 0.12291666666666666 0.9518779342723005 0.1625 0.965962441314554 0.16458333333333333 0.9741784037558685 0.17916666666666667 0.9800469483568075 0.17708333333333334 0.9812206572769953 0.14791666666666667 0.9812206572769953 0.12916666666666668 0.9776995305164319 0.12291666666666666 0.9823943661971831 0.11041666666666666 0.9812206572769953 0.041666666666666664 0.9765258215962441 0.029166666666666667 0.9800469483568075 0
0 0.5199530516431925 0.7604166666666666 0.5082159624413145 0.8020833333333334 0.5140845070422535 0.8125 0.5105633802816901 0.8291666666666667 0.5 0.8291666666666667 0.49178403755868544 0.8375 0.4835680751173709 0.8604166666666667 0.4624413145539906 0.8541666666666666 0.4636150234741784 0.8625 0.4671361502347418 0.8583333333333333 0.4706572769953052 0.8645833333333334 0.4706572769953052 0.8791666666666667 0.465962441314554 0.8791666666666667 0.4694835680751174 0.8895833333333333 0.4964788732394366 0.8875 0.5093896713615024 0.8791666666666667 0.5211267605633803 0.8479166666666667 0.5176056338028169 0.8395833333333333 0.5328638497652582 0.81875 0.5575117370892019 0.8416666666666667 0.5950704225352113 0.8 0.5856807511737089 0.7958333333333333 0.5692488262910798 0.8145833333333333 0.5598591549295775 0.8166666666666667 0.5446009389671361 0.7791666666666667 0.5316901408450704 0.7729166666666667 0.5246478873239436 0.7604166666666666
0 0.9765258215962441 0.20833333333333334 0.971830985915493 0.22083333333333333 0.9589201877934272 0.22291666666666668 0.9565727699530516 0.23958333333333334 0.9483568075117371 0.2520833333333333 0.9495305164319249 0.28541666666666665 0.9354460093896714 0.30625 0.9436619718309859 0.35833333333333334 0.9307511737089202 0.36875 0.9295774647887324 0.4 0.9131455399061033 0.4166666666666667 0.9061032863849765 0.43125 0.9072769953051644 0.46458333333333335 0.9225352112676056 0.45 0.9342723004694836 0.42083333333333334 0.9413145539906104 0.38333333333333336 0.9612676056338029 0.37083333333333335 0.9694835680751174 0.28125 0.9812206572769953 0.25416666666666665 0.9800469483568075 0.225 0.9730046948356808 0.21875 0.9765258215962441 0.21041666666666667
0 0.25704225352112675 0.6479166666666667 0.24413145539906103 0.65625 0.25704225352112675 0.6791666666666667 0.2652582159624413 0.675 0.2687793427230047 0.6604166666666667 0.26173708920187794 0.6479166666666667
0 0.18192488262910797 0.7333333333333333 0.1643192488262911 0.7645833333333333 0.16666666666666666 0.7895833333333333 0.17136150234741784 0.7895833333333333 0.18309859154929578 0.7645833333333333 0.1983568075117371 0.7625 0.20892018779342722 0.7520833333333333 0.20422535211267606 0.7333333333333333 0.1936619718309859 0.75 0.18896713615023475 0.75 0.18309859154929578 0.7354166666666667
0 0.0528169014084507 0.5291666666666667 0.03990610328638498 0.5458333333333333 0.03873239436619718 0.5520833333333334 0.04460093896713615 0.5645833333333333 0.0528169014084507 0.5625 0.06103286384976526 0.5458333333333333 0.05516431924882629 0.5291666666666667