0 0.219140625 0.9034722222222222 0.00078125 0.004166666666666667
0 0.27265625 0.8819444444444444 0.27109375 0.8847222222222222 0.27890625 0.8916666666666667 0.28125 0.8819444444444444 0.275 0.8861111111111111 0.27421875 0.8805555555555555 0.27265625 0.8819444444444444
0 0.4125 0.875 0.41171875 0.8805555555555555 0.41796875 0.8805555555555555 0.41953125 0.8763888888888889 0.41796875 0.8722222222222222 0.4125 0.875
0 0.125390625 0.8458333333333333 0.00078125 0.002777777777777778
0 0.161328125 0.8305555555555556 0.00078125 0.002777777777777778
0 0.23671875 0.8222222222222222 0.234375 0.8277777777777777 0.2375 0.8277777777777777 0.23671875 0.8222222222222222
0 0.434375 0.8069444444444445 0.4375 0.8236111111111111 0.4375 0.8430555555555556 0.4296875 0.8694444444444445 0.4421875 0.8666666666666667 0.45390625 0.8319444444444445 0.4578125 0.8055555555555556 0.4625 0.8 0.4625 0.7944444444444444 0.4671875 0.7916666666666666 0.46640625 0.7888888888888889 0.46328125 0.7930555555555555 0.45859375 0.7805555555555556 0.44375 0.7805555555555556 0.43828125 0.7888888888888889 0.4375 0.8013888888888889 0.434375 0.8069444444444445
0 0.4484375 0.6833333333333333 0.446875 0.6930555555555555 0.45078125 0.7166666666666667 0.44921875 0.7430555555555556 0.45625 0.7555555555555555 0.46171875 0.7555555555555555 0.4625 0.7430555555555556 0.4703125 0.7222222222222222 0.4828125 0.7055555555555556 0.49375 0.7027777777777777 0.4984375 0.6902777777777778 0.5109375 0.675 0.51484375 0.6625 0.53203125 0.6527777777777778 0.54296875 0.6527777777777778 0.5453125 0.6472222222222223 0.55234375 0.6444444444444445 0.571875 0.6402777777777777 0.5734375 0.6333333333333333 0.59140625 0.6222222222222222 0.61015625 0.6208333333333333 0.6125 0.6263888888888889 0.621875 0.6263888888888889 0.63125 0.6180555555555556 0.65390625 0.6125 0.66328125 0.6055555555555555 0.68671875 0.6055555555555555 0.69921875 0.6138888888888889 0.70703125 0.6125 0.71875 0.6194444444444445 0.7765625 0.6180555555555556 0.79921875 0.6097222222222223 0.825 0.6125 0.83125 0.6055555555555555 0.82265625 0.5944444444444444 0.81015625 0.5930555555555556 0.8 0.5861111111111111 0.76484375 0.5888888888888889 0.7375 0.5777777777777777 0.72421875 0.5819444444444445 0.7140625 0.5777777777777777 0.7015625 0.5791666666666667 0.68125 0.55 0.67421875 0.5638888888888889 0.66875 0.5638888888888889 0.6640625 0.5527777777777778 0.66015625 0.5513888888888889 0.628125 0.5666666666666667 0.60625 0.5652777777777778 0.565625 0.5708333333333333 0.55859375 0.5736111111111111 0.546875 0.5888888888888889 0.5390625 0.5847222222222223 0.534375 0.5930555555555556 0.53125 0.5930555555555556 0.5296875 0.6027777777777777 0.5234375 0.6138888888888889 0.50703125 0.6194444444444445 0.4875 0.6388888888888888 0.4734375 0.6347222222222222 0.47421875 0.6402777777777777 0.478125 0.6430555555555556 0.4796875 0.6569444444444444 0.4625 0.6805555555555556 0.4484375 0.6833333333333333
0 0.15 0.7666666666666667 0.15 0.8194444444444444 0.1640625 0.825 0.1671875 0.8333333333333334 0.1640625 0.8388888888888889 0.16171875 0.8347222222222223 0.15859375 0.8361111111111111 0.16171875 0.8458333333333333 0.16796875 0.8472222222222222 0.1703125 0.8430555555555556 0.18359375 0.8388888888888889 0.20703125 0.8402777777777778 0.22109375 0.8472222222222222 0.2234375 0.8430555555555556 0.22421875 0.8472222222222222 0.22578125 0.8194444444444444 0.25234375 0.8152777777777778 0.2578125 0.8236111111111111 0.2578125 0.8291666666666667 0.2609375 0.8277777777777777 0.2609375 0.8319444444444445 0.2796875 0.8291666666666667 0.28203125 0.8402777777777778 0.28671875 0.8444444444444444 0.28203125 0.8555555555555555 0.28359375 0.8597222222222223 0.2984375 0.8680555555555556 0.32265625 0.8680555555555556 0.32421875 0.8763888888888889 0.32890625 0.8791666666666667 0.33125 0.8944444444444445 0.3375 0.8958333333333334 0.34375 0.9041666666666667 0.35546875 0.9055555555555556 0.35703125 0.8972222222222223 0.365625 0.8972222222222223 0.36640625 0.9013888888888889 0.3625 0.9055555555555556 0.36640625 0.9125 0.3640625 0.9180555555555555 0.36796875 0.9180555555555555 0.37265625 0.9305555555555556 0.3796875 0.9333333333333333 0.38203125 0.9388888888888889 0.39375 0.9388888888888889 0.3984375 0.9430555555555555 0.4 0.9527777777777777 0.39921875 0.9444444444444444 0.40390625 0.9472222222222222 0.40078125 0.9416666666666667 0.403125 0.9375 0.403125 0.9194444444444444 0.39921875 0.9069444444444444 0.38125 0.8916666666666667 0.37265625 0.875 0.36875 0.875 0.36015625 0.8458333333333333 0.3421875 0.8180555555555555 0.3203125 0.8055555555555556 0.30625 0.7722222222222223 0.3 0.7680555555555556 0.28046875 0.7319444444444444 0.2703125 0.725 0.25703125 0.7055555555555556 0.25546875 0.6930555555555555 0.24296875 0.6986111111111111 0.221875 0.6888888888888889 0.2125 0.6888888888888889 0.209375 0.6833333333333333 0.19375 0.6930555555555555 0.18828125 0.6930555555555555 0.184375 0.6875 0.18828125 0.6652777777777777 0.19765625 0.6513888888888889 0.2046875 0.6319444444444444 0.20546875 0.6041666666666666 0.22421875 0.5430555555555555 0.22421875 0.5111111111111111 0.23671875 0.4791666666666667 0.2375 0.45 0.23515625 0.43472222222222223 0.2375 0.41944444444444445 0.24296875 0.41388888888888886 0.24453125 0.40694444444444444 0.2390625 0.3597222222222222 0.24296875 0.3472222222222222 0.228125 0.35555555555555557 0.22578125 0.3611111111111111 0.2265625 0.3680555555555556 0.234375 0.3819444444444444 0.23671875 0.4013888888888889 0.2359375 0.41388888888888886 0.23046875 0.42083333333333334 0.225 0.4388888888888889 0.23125 0.45694444444444443 0.23125 0.4722222222222222 0.2171875 0.5097222222222222 0.215625 0.5458333333333333 0.20078125 0.5875 0.1984375 0.6291666666666667 0.18828125 0.6555555555555556 0.18203125 0.6597222222222222 0.175 0.6777777777777778 0.16796875 0.6805555555555556 0.16171875 0.6930555555555555 0.15703125 0.7111111111111111 0.1578125 0.7319444444444444 0.15 0.7666666666666667
0 0.36953125 0.2777777777777778 0.38828125 0.30277777777777776 0.39375 0.3055555555555556 0.46796875 0.30833333333333335 0.5140625 0.31805555555555554 0.54296875 0.3194444444444444 0.62421875 0.3472222222222222 0.659375 0.3680555555555556 0.6703125 0.38055555555555554 0.678125 0.3819444444444444 0.71640625 0.40694444444444444 0.7484375 0.43194444444444446 0.7546875 0.44166666666666665 0.78203125 0.4666666666666667 0.7921875 0.46805555555555556 0.81015625 0.48333333333333334 0.815625 0.4930555555555556 0.8171875 0.5055555555555555 0.8265625 0.5291666666666667 0.83515625 0.5402777777777777 0.83046875 0.5333333333333333 0.8359375 0.5291666666666667 0.8359375 0.5222222222222223 0.83203125 0.5125 0.8296875 0.49027777777777776 0.8171875 0.4736111111111111 0.78203125 0.45555555555555555 0.77109375 0.44305555555555554 0.75078125 0.4305555555555556 0.74296875 0.42083333333333334 0.734375 0.41805555555555557 0.71171875 0.3958333333333333 0.675 0.375 0.6234375 0.3347222222222222 0.60703125 0.33055555555555555 0.59375 0.31805555555555554 0.56328125 0.30972222222222223 0.55390625 0.29444444444444445 0.5203125 0.2916666666666667 0.5109375 0.2972222222222222 0.484375 0.29583333333333334 0.4703125 0.2847222222222222 0.46328125 0.29305555555555557 0.45 0.29305555555555557 0.43671875 0.2861111111111111 0.4078125 0.28194444444444444 0.4 0.275 0.3875 0.28055555555555556 0.36953125 0.2777777777777778
0 0.26640625 0.31666666666666665 0.259375 0.32916666666666666 0.2453125 0.34305555555555556 0.25546875 0.3416666666666667 0.27109375 0.33055555555555555 0.290625 0.3277777777777778 0.30625 0.31666666666666665 0.31484375 0.3055555555555556 0.3296875 0.3 0.35078125 0.2763888888888889 0.3375 0.28055555555555556 0.32578125 0.29305555555555557 0.29609375 0.3125 0.2703125 0.3125 0.26640625 0.31666666666666665