0 0.5359375 0.8090277777777778 0.0015625 0.001388888888888889
0 0.534375 0.7597222222222222 0.53125 0.7611111111111111 0.53671875 0.7652777777777777 0.534375 0.7597222222222222
0 0.52421875 0.75 0.525 0.7541666666666667 0.52734375 0.7527777777777778 0.52421875 0.75
0 0.41953125 0.7694444444444445 0.4203125 0.7805555555555556 0.4375 0.7833333333333333 0.43984375 0.8 0.44296875 0.8027777777777778 0.44296875 0.8388888888888889 0.446875 0.85 0.44140625 0.9055555555555556 0.4453125 0.9305555555555556 0.4359375 0.9638888888888889 0.421875 0.9791666666666666 0.42421875 0.9819444444444444 0.421875 0.9875 0.42578125 0.9972222222222222 0.45625 0.9972222222222222 0.4796875 0.9888888888888889 0.48984375 0.9958333333333333 0.51484375 0.9972222222222222 0.52421875 0.9930555555555556 0.52734375 0.9875 0.56015625 0.9972222222222222 0.56328125 0.9930555555555556 0.56640625 0.9972222222222222 0.66640625 0.9972222222222222 0.68828125 0.9930555555555556 0.7359375 0.9972222222222222 0.753125 0.9930555555555556 0.7609375 0.9763888888888889 0.76015625 0.9680555555555556 0.75625 0.9666666666666667 0.75625 0.9375 0.74921875 0.9291666666666667 0.7546875 0.9166666666666666 0.76875 0.9013888888888889 0.77109375 0.9055555555555556 0.7828125 0.9055555555555556 0.79296875 0.925 0.79921875 0.925 0.78828125 0.9 0.78828125 0.8944444444444445 0.7921875 0.8930555555555556 0.7921875 0.8888888888888888 0.7890625 0.8722222222222222 0.790625 0.8652777777777778 0.7875 0.8569444444444444 0.79296875 0.8527777777777777 0.79296875 0.8333333333333334 0.79765625 0.8236111111111111 0.79453125 0.8055555555555556 0.78828125 0.8013888888888889 0.7765625 0.8194444444444444 0.76171875 0.8305555555555556 0.740625 0.8305555555555556 0.7375 0.8222222222222222 0.7375 0.8055555555555556 0.73515625 0.8027777777777778 0.7375 0.7958333333333333 0.7375 0.7541666666666667 0.73203125 0.7458333333333333 0.73046875 0.7305555555555555 0.7171875 0.7430555555555556 0.70546875 0.7486111111111111 0.70078125 0.7430555555555556 0.6953125 0.75 0.703125 0.7583333333333333 0.7046875 0.7652777777777777 0.7 0.7694444444444445 0.69921875 0.7819444444444444 0.69609375 0.7875 0.68515625 0.7875 0.675 0.7930555555555555 0.67265625 0.8180555555555555 0.675 0.8277777777777777 0.6671875 0.8361111111111111 0.66796875 0.8472222222222222 0.6640625 0.85 0.66171875 0.8430555555555556 0.65625 0.8416666666666667 0.65546875 0.8291666666666667 0.65 0.8305555555555556 0.64609375 0.8236111111111111 0.6265625 0.8152777777777778 0.62578125 0.8083333333333333 0.62265625 0.8097222222222222 0.61640625 0.8013888888888889 0.61640625 0.7930555555555555 0.6125 0.7875 0.60703125 0.7875 0.60546875 0.7805555555555556 0.5984375 0.7763888888888889 0.59453125 0.7805555555555556 0.58515625 0.7777777777777778 0.58125 0.7680555555555556 0.56875 0.7722222222222223 0.56015625 0.7888888888888889 0.54921875 0.7930555555555555 0.540625 0.8138888888888889 0.53203125 0.8152777777777778 0.5296875 0.8208333333333333 0.51875 0.8208333333333333 0.51484375 0.8277777777777777 0.51171875 0.8222222222222222 0.50078125 0.8430555555555556 0.48984375 0.8402777777777778 0.4875 0.8305555555555556 0.4828125 0.8319444444444445 0.48046875 0.825 0.484375 0.8194444444444444 0.4671875 0.8125 0.46953125 0.8013888888888889 0.47421875 0.8013888888888889 0.475 0.7930555555555555 0.4671875 0.7875 0.4625 0.7708333333333334 0.4453125 0.7666666666666667 0.44296875 0.7611111111111111 0.4375 0.7652777777777777 0.421875 0.7652777777777777 0.41953125 0.7694444444444445
0 0.480078125 0.64375 0.00078125 0.001388888888888889
0 0.44296875 0.625 0.446875 0.6319444444444444 0.4421875 0.6402777777777777 0.44921875 0.6472222222222223 0.44296875 0.6541666666666667 0.440625 0.6625 0.4359375 0.6638888888888889 0.44765625 0.6708333333333333 0.44921875 0.6791666666666667 0.45390625 0.6805555555555556 0.45625 0.6888888888888889 0.4609375 0.6930555555555555 0.4625 0.7166666666666667 0.45859375 0.7277777777777777 0.4625 0.7375 0.471875 0.7430555555555556 0.4734375 0.7541666666666667 0.47734375 0.7513888888888889 0.4796875 0.7555555555555555 0.48671875 0.7555555555555555 0.48828125 0.75 0.49140625 0.7513888888888889 0.4890625 0.7444444444444445 0.49453125 0.7388888888888889 0.5125 0.7361111111111112 0.509375 0.7166666666666667 0.51171875 0.7111111111111111 0.51171875 0.6930555555555555 0.509375 0.6805555555555556 0.50546875 0.6777777777777778 0.503125 0.6694444444444444 0.4890625 0.6680555555555555 0.4875 0.6555555555555556 0.484375 0.6597222222222222 0.48046875 0.6555555555555556 0.47838515625 0.6625 0.46953125 0.6625 0.46875 0.6583333333333333 0.4734375 0.6527777777777778 0.47265625 0.6444444444444445 0.4671875 0.6361111111111111 0.4609375 0.6388888888888888 0.45390625 0.6208333333333333 0.44453125 0.6208333333333333 0.44296875 0.625
0 0.44375 0.6069444444444444 0.44375 0.6152777777777778 0.45390625 0.6097222222222223 0.44921875 0.6055555555555555 0.44375 0.6069444444444444
0 0.5046875 0.5847222222222223 0.5 0.5847222222222223 0.5 0.6152777777777778 0.50546875 0.6208333333333333 0.50625 0.6277777777777778 0.51015625 0.6277777777777778 0.5125 0.6055555555555555 0.5046875 0.5847222222222223
0 0.48984375 0.5583333333333333 0.48828125 0.5722222222222222 0.4953125 0.5805555555555556 0.50234375 0.5805555555555556 0.51015625 0.5541666666666667 0.509375 0.5458333333333333 0.496875 0.5444444444444444 0.49375 0.5555555555555556 0.48984375 0.5583333333333333
0 0.41328125 0.2833333333333333 0.41015625 0.29444444444444445 0.4140625 0.30277777777777776 0.41796875 0.28888888888888886 0.41328125 0.2833333333333333
0 0.43984375 0.2013888888888889 0.43984375 0.21388888888888888 0.4453125 0.2152777777777778 0.44921875 0.20694444444444443 0.44921875 0.19305555555555556 0.44453125 0.19305555555555556 0.43984375 0.2013888888888889
0 0.19453125 0.18472222222222223 0.19375 0.19305555555555556 0.19921875 0.19583333333333333 0.20546875 0.1875 0.2046875 0.18055555555555555 0.19453125 0.18472222222222223
0 0.2390625 0.14305555555555555 0.23828125 0.15694444444444444 0.2421875 0.17083333333333334 0.24375 0.19027777777777777 0.2609375 0.20277777777777778 0.26484375 0.21805555555555556 0.27890625 0.24166666666666667 0.284375 0.24305555555555555 0.29140625 0.25277777777777777 0.28203125 0.2986111111111111 0.28515625 0.3138888888888889 0.30234375 0.3333333333333333 0.31328125 0.33055555555555555 0.31796875 0.3375 0.3359375 0.34305555555555556 0.33671875 0.35138888888888886 0.33125 0.35555555555555557 0.33203125 0.3611111111111111 0.3453125 0.3680555555555556 0.34921875 0.38472222222222224 0.35078125 0.4013888888888889 0.34140625 0.4166666666666667 0.3375 0.41805555555555557 0.33671875 0.425 0.33359375 0.42777777777777776 0.33203125 0.4527777777777778 0.31953125 0.4597222222222222 0.31875 0.46944444444444444 0.31015625 0.47638888888888886 0.3015625 0.47638888888888886 0.29296875 0.46944444444444444 0.28125 0.5055555555555555 0.2765625 0.5319444444444444 0.28671875 0.5708333333333333 0.29140625 0.6013888888888889 0.3015625 0.6263888888888889 0.3234375 0.6486111111111111 0.3296875 0.6888888888888889 0.34296875 0.7097222222222223 0.34375 0.7166666666666667 0.3484375 0.7180555555555556 0.35078125 0.725 0.36015625 0.7333333333333333 0.3640625 0.7430555555555556 0.36796875 0.7444444444444445 0.38671875 0.7708333333333334 0.39765625 0.7763888888888889 0.4 0.7680555555555556 0.403125 0.7666666666666667 0.4 0.7625 0.39921875 0.7375 0.396875 0.7333333333333333 0.39921875 0.7180555555555556 0.403125 0.7111111111111111 0.4015625 0.7027777777777777 0.40703125 0.6958333333333333 0.41796875 0.6944444444444444 0.41875 0.6736111111111112 0.425 0.6652777777777777 0.42578125 0.6333333333333333 0.43984375 0.625 0.43984375 0.6069444444444444 0.44453125 0.6013888888888889 0.4421875 0.6013888888888889 0.4390625 0.5916666666666667 0.4453125 0.5833333333333334 0.44921875 0.5861111111111111 0.44375 0.5777777777777777 0.446875 0.5694444444444444 0.4453125 0.5541666666666667 0.44375 0.5444444444444444 0.43828125 0.5375 0.4390625 0.5305555555555556 0.43515625 0.5152777777777777 0.43984375 0.49583333333333335 0.4453125 0.4875 0.44296875 0.4583333333333333 0.446875 0.45416666666666666 0.446875 0.4486111111111111 0.434375 0.43472222222222223 0.42109375 0.4305555555555556 0.41796875 0.4236111111111111 0.41640625 0.3958333333333333 0.41171875 0.3888888888888889 0.41171875 0.3819444444444444 0.39609375 0.35833333333333334 0.39296875 0.3611111111111111 0.38984375 0.35555555555555557 0.38203125 0.3527777777777778 0.3734375 0.31805555555555554 0.3625 0.3055555555555556 0.35625 0.30416666666666664 0.35390625 0.2902777777777778 0.34765625 0.28888888888888886 0.34375 0.29305555555555557 0.34296875 0.30277777777777776 0.33828125 0.3138888888888889 0.340625 0.3277777777777778 0.3359375 0.3333333333333333 0.325 0.32916666666666666 0.31328125 0.31527777777777777 0.30703125 0.30277777777777776 0.309375 0.28888888888888886 0.30703125 0.2847222222222222 0.30703125 0.26805555555555555 0.309375 0.25555555555555554 0.31875 0.24166666666666667 0.3125 0.23194444444444445 0.3 0.22777777777777777 0.29453125 0.21666666666666667 0.2921875 0.2 0.2609375 0.14305555555555555 0.24375 0.1375 0.240625 0.1375 0.2390625 0.14305555555555555