0 0.46770833333333334 0.8296296296296296 0.46979166666666666 0.8351851851851851 0.484375 0.8462962962962963 0.4875 0.8527777777777777 0.4947916666666667 0.8527777777777777 0.4942708333333333 0.8444444444444444 0.4895833333333333 0.8398148148148148 0.47708333333333336 0.8305555555555556 0.4708333333333333 0.8296296296296296 0.46927083333333336 0.8333333333333334
0 0.4515625 0.7101851851851851 0.45 0.7185185185185186 0.45260416666666664 0.7231481481481481 0.4671875 0.725 0.4734375 0.7101851851851851 0.4739583333333333 0.6981481481481482 0.4791666666666667 0.6888888888888889 0.47708333333333336 0.6851851851851852 0.465625 0.687037037037037 0.4625 0.6935185185185185 0.46145833333333336 0.7074074074074074
0 0.4010416666666667 0.4388888888888889 0.4010416666666667 0.44351851851851853 0.41875 0.4444444444444444 0.42083333333333334 0.4351851851851852 0.4192708333333333 0.4324074074074074 0.4109375 0.4324074074074074
0 0.37447916666666664 0.43703703703703706 0.375 0.44351851851851853 0.3828125 0.4462962962962963 0.3875 0.4462962962962963 0.3890625 0.44166666666666665 0.3875 0.43333333333333335 0.38333333333333336 0.42777777777777776 0.3776041666666667 0.4305555555555556
0 0.9114583333333334 0.662962962962963 0.9109375 0.6731481481481482 0.9125 0.6759259259259259 0.9265625 0.6796296296296296 0.9411458333333333 0.6796296296296296 0.9484375 0.675 0.9520833333333333 0.6685185185185185 0.9557291666666666 0.6462962962962963 0.9541666666666667 0.6416666666666667 0.9453125 0.6388888888888888 0.9421875 0.6351851851851852 0.9348958333333334 0.6351851851851852 0.9307291666666667 0.6388888888888888 0.928125 0.6509259259259259 0.9208333333333333 0.649074074074074 0.915625 0.6527777777777778 0.9130208333333333 0.6555555555555556
0 0.43072916666666666 0.6527777777777778 0.425 0.6527777777777778 0.42604166666666665 0.675 0.43072916666666666 0.6796296296296296 0.4375 0.6796296296296296 0.4390625 0.6759259259259259 0.4375 0.6601851851851852
0 0.2953125 0.18981481481481483 0.29322916666666665 0.20092592592592592 0.28854166666666664 0.2074074074074074 0.28854166666666664 0.21296296296296297 0.2984375 0.2212962962962963 0.325 0.22314814814814815 0.33177083333333335 0.21481481481481482 0.3463541666666667 0.21666666666666667 0.3494791666666667 0.21388888888888888 0.35833333333333334 0.21388888888888888 0.3625 0.2101851851851852 0.3703125 0.21851851851851853 0.38125 0.21944444444444444 0.3859375 0.2074074074074074 0.3984375 0.20925925925925926 0.39791666666666664 0.19814814814814816 0.39166666666666666 0.18518518518518517 0.3880208333333333 0.18518518518518517 0.38333333333333336 0.19166666666666668 0.3723958333333333 0.19444444444444445 0.36614583333333334 0.20277777777777778 0.3536458333333333 0.1962962962962963 0.3494791666666667 0.18888888888888888 0.3489583333333333 0.18425925925925926 0.3453125 0.1824074074074074 0.3390625 0.19166666666666668 0.32708333333333334 0.20092592592592592 0.31354166666666666 0.20092592592592592 0.3104166666666667 0.19444444444444445 0.3026041666666667 0.1962962962962963 0.3 0.18888888888888888 0.296875 0.18703703703703703
0 0.9223958333333333 0.4935185185185185 0.9177083333333333 0.5018518518518519 0.91875 0.5138888888888888 0.9265625 0.5231481481481481 0.9411458333333333 0.5259259259259259 0.9385416666666667 0.5101851851851852 0.9432291666666667 0.5009259259259259 0.9427083333333334 0.4888888888888889 0.9296875 0.48703703703703705
0 0.7890625 0.587037037037037 0.7911458333333333 0.6055555555555555 0.7848958333333333 0.6351851851851852 0.7854166666666667 0.6435185185185185 0.7895833333333333 0.6481481481481481 0.7994791666666666 0.6388888888888888 0.8041666666666667 0.6388888888888888 0.8078125 0.6444444444444445 0.8088541666666667 0.6601851851851852 0.8114583333333333 0.6620370370370371 0.8130208333333333 0.6555555555555556 0.8119791666666667 0.6055555555555555 0.8104166666666667 0.5981481481481481 0.8067708333333333 0.5925925925925926 0.8098958333333334 0.5712962962962963 0.80625 0.5685185185185185 0.8 0.5777777777777777 0.7927083333333333 0.575925925925926
0 0.7442708333333333 0.5935185185185186 0.74375 0.6425925925925926 0.7463541666666667 0.6509259259259259 0.7489583333333333 0.6527777777777778 0.7505208333333333 0.6601851851851852 0.7552083333333334 0.6601851851851852 0.759375 0.6462962962962963 0.7619791666666667 0.6212962962962963 0.7635416666666667 0.5916666666666667 0.7619791666666667 0.5694444444444444 0.7572916666666667 0.5666666666666667 0.753125 0.5796296296296296 0.7463541666666667 0.5861111111111111
0 0.6411458333333333 0.4444444444444444 0.6401041666666667 0.44814814814814813 0.6432291666666666 0.4527777777777778 0.6723958333333333 0.4527777777777778 0.6833333333333333 0.45740740740740743 0.6927083333333334 0.45555555555555555 0.696875 0.4462962962962963 0.6916666666666667 0.44166666666666665 0.6541666666666667 0.44166666666666665
0 0.20625 0.17685185185185184 0.20052083333333334 0.1787037037037037 0.19895833333333332 0.18981481481481483 0.19322916666666667 0.19814814814814816 0.1875 0.19907407407407407 0.16875 0.1925925925925926 0.1640625 0.1935185185185185 0.16302083333333334 0.19814814814814816 0.18229166666666666 0.21203703703703702 0.184375 0.21851851851851853 0.18802083333333333 0.2222222222222222 0.2203125 0.22407407407407406 0.23125 0.2212962962962963 0.2328125 0.22962962962962963 0.22708333333333333 0.23796296296296296 0.22916666666666666 0.23981481481481481 0.22864583333333333 0.24444444444444444 0.23697916666666666 0.2574074074074074 0.24479166666666666 0.25555555555555554 0.24791666666666667 0.2388888888888889 0.2546875 0.23333333333333334 0.25833333333333336 0.2351851851851852 0.26145833333333335 0.23055555555555557 0.25677083333333334 0.22314814814814815 0.24166666666666667 0.21481481481481482 0.240625 0.21296296296296297 0.2453125 0.20555555555555555 0.23958333333333334 0.19814814814814816 0.23072916666666668 0.19722222222222222 0.225 0.1935185185185185 0.22083333333333333 0.18703703703703703 0.21354166666666666 0.18611111111111112 0.209375 0.17685185185185184
0 0.7375 0.48333333333333334 0.73125 0.49074074074074076 0.7182291666666667 0.4842592592592593 0.7140625 0.4842592592592593 0.7125 0.48703703703703705 0.7234375 0.5046296296296297 0.7479166666666667 0.5009259259259259 0.7552083333333334 0.49722222222222223 0.7557291666666667 0.49444444444444446 0.7520833333333333 0.4861111111111111 0.7442708333333333 0.48703703703703705 0.7411458333333333 0.48333333333333334
0 0.43854166666666666 0.44814814814814813 0.4359375 0.4527777777777778 0.42239583333333336 0.45185185185185184 0.4197916666666667 0.45740740740740743 0.4234375 0.46944444444444444 0.43125 0.48055555555555557 0.4505208333333333 0.48055555555555557 0.45260416666666664 0.4703703703703704 0.4505208333333333 0.45925925925925926 0.4401041666666667 0.44814814814814813
0 0.5276041666666667 0.42592592592592593 0.5098958333333333 0.4305555555555556 0.5078125 0.4425925925925926 0.5098958333333333 0.44814814814814813 0.5125 0.44907407407407407 0.5083333333333333 0.4564814814814815 0.5119791666666667 0.4546296296296296 0.51875 0.46111111111111114 0.5333333333333333 0.462037037037037 0.5598958333333334 0.4740740740740741 0.5692708333333333 0.4740740740740741 0.5713541666666667 0.4703703703703704 0.5671875 0.4601851851851852 0.5609375 0.46111111111111114 0.5526041666666667 0.4546296296296296 0.5505208333333333 0.44814814814814813 0.5416666666666666 0.4462962962962963 0.5442708333333334 0.44166666666666665 0.5348958333333333 0.43425925925925923 0.5302083333333333 0.42592592592592593