0 0.28203125 0.8333333333333334 0.28203125 0.8430555555555556 0.29296875 0.8402777777777778 0.29296875 0.8361111111111111 0.290625 0.8388888888888889 0.28203125 0.8333333333333334
0 0.6890625 0.8194444444444444 0.68828125 0.8305555555555556 0.696875 0.8305555555555556 0.70390625 0.8236111111111111 0.703125 0.8180555555555555 0.69609375 0.8152777777777778 0.6890625 0.8194444444444444
0 0.40625 0.8097222222222222 0.4046875 0.8180555555555555 0.4 0.8222222222222222 0.4 0.8291666666666667 0.4015625 0.8430555555555556 0.40859375 0.8513888888888889 0.4171875 0.8513888888888889 0.41875 0.8444444444444444 0.42265625 0.8513888888888889 0.45234375 0.8541666666666666 0.45546875 0.85 0.45390625 0.8430555555555556 0.43515625 0.8430555555555556 0.42578125 0.8361111111111111 0.42265625 0.8361111111111111 0.4234375 0.8430555555555556 0.4171875 0.8444444444444444 0.4171875 0.8361111111111111 0.4125 0.8277777777777777 0.41015625 0.8097222222222222 0.40625 0.8097222222222222
0 0.54453125 0.8138888888888889 0.5453125 0.8402777777777778 0.57109375 0.8416666666666667 0.58359375 0.8472222222222222 0.59921875 0.8416666666666667 0.63515625 0.8430555555555556 0.6375 0.8388888888888889 0.659375 0.8388888888888889 0.66875 0.8333333333333334 0.675 0.8361111111111111 0.6765625 0.8305555555555556 0.68046875 0.8291666666666667 0.68046875 0.8208333333333333 0.675 0.8097222222222222 0.6625 0.8013888888888889 0.63671875 0.7930555555555555 0.63046875 0.7819444444444444 0.61953125 0.7902777777777777 0.61640625 0.7833333333333333 0.6125 0.7833333333333333 0.60859375 0.7916666666666666 0.6015625 0.7902777777777777 0.6 0.7708333333333334 0.59140625 0.7736111111111111 0.58828125 0.7791666666666667 0.58671875 0.8013888888888889 0.565625 0.8069444444444445 0.559375 0.8027777777777778 0.55546875 0.7930555555555555 0.55234375 0.7930555555555555 0.54453125 0.8138888888888889
0 0.2140625 0.7319444444444444 0.21328125 0.7416666666666667 0.21640625 0.7458333333333333 0.23515625 0.7416666666666667 0.23515625 0.7333333333333333 0.23125 0.7277777777777777 0.21796875 0.7263888888888889 0.2140625 0.7319444444444444
0 0.237109375 0.7229166666666667 0.00078125 0.004166666666666667
0 0.4453125 0.7208333333333333 0.4453125 0.7291666666666666 0.45625 0.7361111111111112 0.45625 0.7430555555555556 0.46171875 0.7444444444444445 0.46953125 0.7597222222222222 0.47421875 0.7583333333333333 0.47578125 0.7527777777777778 0.4796875 0.7569444444444444 0.478125 0.7652777777777777 0.47421875 0.7680555555555556 0.478125 0.7722222222222223 0.48203125 0.8 0.4921875 0.8027777777777778 0.49375 0.8097222222222222 0.49140625 0.8194444444444444 0.49765625 0.8319444444444445 0.5 0.8472222222222222 0.5046875 0.85 0.509375 0.8430555555555556 0.51015625 0.8333333333333334 0.5203125 0.8416666666666667 0.53125 0.8402777777777778 0.53125 0.8347222222222223 0.534375 0.8319444444444445 0.53125 0.8222222222222222 0.53125 0.8027777777777778 0.51796875 0.7888888888888889 0.5125 0.7958333333333333 0.509375 0.8069444444444445 0.50390625 0.8069444444444445 0.4984375 0.775 0.4875 0.7652777777777777 0.48828125 0.7444444444444445 0.49140625 0.7319444444444444 0.48671875 0.7194444444444444 0.478125 0.7208333333333333 0.471875 0.7444444444444445 0.46796875 0.7319444444444444 0.46171875 0.725 0.45234375 0.7194444444444444 0.45234375 0.7319444444444444 0.4453125 0.7208333333333333
0 0.24453125 0.7083333333333334 0.24375 0.7166666666666667 0.24921875 0.7083333333333334 0.24453125 0.7083333333333334
0 0.444921875 0.7034722222222223 0.00078125 0.001388888888888889
0 0.444921875 0.6944444444444444 0.00078125 0.002777777777777778
0 0.20703125 0.6805555555555556 0.2015625 0.7041666666666667 0.20234375 0.7111111111111111 0.215625 0.6916666666666667 0.21796875 0.6694444444444444 0.21171875 0.6666666666666666 0.20703125 0.6805555555555556
0 0.33125 0.6097222222222223 0.33359375 0.6555555555555556 0.34140625 0.6625 0.3546875 0.6625 0.35625 0.6680555555555555 0.3453125 0.6916666666666667 0.3328125 0.6972222222222222 0.3265625 0.7055555555555556 0.33125 0.7097222222222223 0.33984375 0.7083333333333334 0.34765625 0.7194444444444444 0.34296875 0.7361111111111112 0.340625 0.7763888888888889 0.34921875 0.7916666666666666 0.35625 0.7902777777777777 0.35625 0.7611111111111111 0.37578125 0.7611111111111111 0.38671875 0.7513888888888889 0.38984375 0.7430555555555556 0.4 0.7444444444444445 0.40546875 0.7555555555555555 0.41015625 0.7583333333333333 0.415625 0.7541666666666667 0.4203125 0.7208333333333333 0.425 0.7166666666666667 0.4265625 0.7069444444444445 0.4328125 0.7055555555555556 0.43203125 0.6972222222222222 0.425 0.6902777777777778 0.41796875 0.6680555555555555 0.40625 0.6680555555555555 0.4 0.6805555555555556 0.37578125 0.6763888888888889 0.36484375 0.6597222222222222 0.3625 0.6305555555555555 0.35234375 0.6208333333333333 0.34296875 0.625 0.33671875 0.6097222222222223 0.33125 0.6097222222222223
0 0.2875 0.5111111111111111 0.28671875 0.5152777777777777 0.2890625 0.5166666666666667 0.290625 0.5111111111111111 0.2875 0.5111111111111111
0 0.26875 0.48194444444444445 0.26875 0.4875 0.26484375 0.49027777777777776 0.2734375 0.4875 0.26875 0.48194444444444445
0 0.2875 0.4791666666666667 0.28828125 0.4847222222222222 0.290625 0.48055555555555557 0.29296875 0.48333333333333334 0.2875 0.4791666666666667
0 0.27890625 0.4798611111111111 0.0015625 0.001388888888888889
0 0.32421875 0.46944444444444444 0.3234375 0.4791666666666667 0.3265625 0.47638888888888886 0.328125 0.48055555555555557 0.32890625 0.4722222222222222 0.32421875 0.46944444444444444