0 0.11458333333333333 0.9851851851851852 0.11302083333333333 0.987037037037037 0.1171875 0.987037037037037 0.11458333333333333 0.9851851851851852
0 0.7432291666666667 0.8888888888888888 0.74375 0.8916666666666667 0.7447916666666666 0.8888888888888888 0.7432291666666667 0.8888888888888888
0 0.10260416666666666 0.8731481481481481 0.09479166666666666 0.8731481481481481 0.1015625 0.8759259259259259 0.10260416666666666 0.8731481481481481
0 0.02890625 0.7722222222222223 0.0015625 0.001851851851851852
0 0.21640625 0.7574074074074074 0.0005208333333333333 0.003703703703703704
0 0.7575520833333333 0.6791666666666667 0.0005208333333333333 0.002777777777777778
0 0.004166666666666667 0.6601851851851852 0.0067708333333333336 0.6638888888888889 0.004166666666666667 0.6685185185185185 0.005729166666666666 0.6712962962962963 0.0036458333333333334 0.675 0.010416666666666666 0.6805555555555556 0.0078125 0.6851851851851852 0.009895833333333333 0.6833333333333333 0.0109375 0.6898148148148148 0.0140625 0.6898148148148148 0.008854166666666666 0.6944444444444444 0.008333333333333333 0.6981481481481482 0.0109375 0.700925925925926 0.0109375 0.7046296296296296 0.007291666666666667 0.7074074074074074 0.004166666666666667 0.7157407407407408 0.00625 0.7194444444444444 0.0046875 0.7231481481481481 0.009895833333333333 0.7333333333333333 0.0067708333333333336 0.7351851851851852 0.004166666666666667 0.7435185185185185 0.0036458333333333334 0.7509259259259259 0.00625 0.7574074074074074 0.0109375 0.7527777777777778 0.016145833333333335 0.7527777777777778 0.030729166666666665 0.7601851851851852 0.03802083333333333 0.7509259259259259 0.0546875 0.7509259259259259 0.05572916666666667 0.7444444444444445 0.044270833333333336 0.7314814814814815 0.0421875 0.7212962962962963 0.04375 0.7166666666666667 0.043229166666666666 0.7074074074074074 0.034895833333333334 0.7037037037037037 0.0328125 0.6944444444444444 0.027083333333333334 0.687037037037037 0.0203125 0.6888888888888889 0.019270833333333334 0.6990740740740741 0.015104166666666667 0.6972222222222222 0.016145833333333335 0.6916666666666667 0.011979166666666667 0.6861111111111111 0.013541666666666667 0.6731481481481482 0.007291666666666667 0.6648148148148149 0.00625 0.6592592592592592 0.004166666666666667 0.6601851851851852
0 0.7434895833333334 0.6222222222222222 0.0015625 0.001851851851851852
0 0.5356770833333333 0.5703703703703704 0.0005208333333333333 0.001851851851851852
0 0.5244791666666667 0.5277777777777778 0.5208333333333334 0.5287037037037037 0.525 0.5296296296296297 0.5244791666666667 0.5277777777777778
0 0.5109375 0.5259259259259259 0.509375 0.5277777777777778 0.5151041666666667 0.5259259259259259 0.5109375 0.5259259259259259
0 0.3645833333333333 0.4009259259259259 0.3640625 0.4074074074074074 0.3614583333333333 0.4101851851851852 0.3625 0.41203703703703703 0.3703125 0.41203703703703703 0.3729166666666667 0.40925925925925927 0.3692708333333333 0.4009259259259259 0.365625 0.40370370370370373 0.3645833333333333 0.4009259259259259
0 0.21822916666666667 0.37407407407407406 0.21875 0.37777777777777777 0.22239583333333332 0.37777777777777777 0.2234375 0.38055555555555554 0.225 0.37592592592592594 0.22395833333333334 0.3731481481481482 0.21822916666666667 0.37407407407407406
0 0.08072916666666667 0.48055555555555557 0.08072916666666667 0.5009259259259259 0.08333333333333333 0.5074074074074074 0.0875 0.5111111111111111 0.08697916666666666 0.5166666666666667 0.0921875 0.5185185185185185 0.09322916666666667 0.5259259259259259 0.09166666666666666 0.5305555555555556 0.084375 0.5361111111111111 0.09270833333333334 0.5370370370370371 0.096875 0.5435185185185185 0.09739583333333333 0.5481481481481482 0.09739583333333333 0.5527777777777778 0.09270833333333334 0.5555555555555556 0.090625 0.5638888888888889 0.0875 0.5574074074074075 0.08697916666666666 0.5592592592592592 0.08697916666666666 0.5638888888888889 0.09322916666666667 0.5666666666666667 0.09270833333333334 0.5814814814814815 0.08177083333333333 0.6138888888888889 0.08229166666666667 0.6361111111111111 0.07864583333333333 0.6527777777777778 0.08125 0.6907407407407408 0.08541666666666667 0.6981481481481482 0.0875 0.7166666666666667 0.08958333333333333 0.7185185185185186 0.08802083333333334 0.725925925925926 0.08958333333333333 0.737037037037037 0.09270833333333334 0.7416666666666667 0.09427083333333333 0.7592592592592593 0.10069427083333334 0.7601851851851852 0.10260416666666666 0.7648148148148148 0.1046875 0.7620370370370371 0.10625 0.7666666666666667 0.109375 0.7685185185185185 0.10833333333333334 0.7731481481481481 0.11302083333333333 0.7731481481481481 0.11458333333333333 0.7796296296296297 0.12239583333333333 0.7805555555555556 0.1265625 0.7870370370370371 0.12708333333333333 0.7972222222222223 0.13177083333333334 0.8027777777777778 0.13020833333333334 0.8055555555555556 0.13177083333333334 0.8101851851851852 0.13072916666666667 0.8203703703703704 0.13385416666666666 0.8231481481481482 0.12916666666666668 0.8351851851851851 0.1296875 0.8435185185185186 0.11822916666666666 0.8555555555555555 0.1171875 0.8638888888888889 0.11458333333333333 0.862037037037037 0.1171875 0.8685185185185185 0.11666666666666667 0.8712962962962963 0.11484375 0.8759259259259259 0.1125 0.8740740740740741 0.09895833333333333 0.9138888888888889 0.09166666666666666 0.9120370370370371 0.08645833333333333 0.9148148148148149 0.08333333333333333 0.9185185185185185 0.084375 0.9212962962962963 0.08020833333333334 0.9259259259259259 0.07708333333333334 0.9481481481481482 0.08072916666666667 0.9537037037037037 0.08020833333333334 0.9675925925925926 0.08177083333333333 0.9712962962962963 0.07760416666666667 0.9712962962962963 0.0734375 0.9768518518518519 0.06979166666666667 0.9888888888888889 0.07083333333333333 0.9935185185185185 0.1 0.9916666666666667 0.10364583333333334 0.9805555555555555 0.11927083333333334 0.9824074074074074 0.12135416666666667 0.9805555555555555 0.1203125 0.9768518518518519 0.12291666666666666 0.9731481481481481 0.13020833333333334 0.975 0.13125 0.9824074074074074 0.13385416666666666 0.987037037037037 0.1390625 0.9898148148148148 0.16822916666666668 0.987037037037037 0.1796875 0.9916666666666667 0.18802083333333333 0.9888888888888889 0.19270833333333334 0.9888888888888889 0.19427083333333334 0.9916666666666667 0.21197916666666666 0.9916666666666667 0.21979166666666666 0.975925925925926 0.22864583333333333 0.975925925925926 0.23020833333333332 0.9796296296296296 0.23177083333333334 0.975925925925926 0.23697916666666666 0.975925925925926 0.24010416666666667 0.9685185185185186 0.2453125 0.9638888888888889 0.24791666666666667 0.9555555555555556 0.25625 0.9481481481481482 0.2640625 0.9462962962962963 0.278125 0.9481481481481482 0.28020833333333334 0.9527777777777777 0.29270833333333335 0.9527777777777777 0.2947916666666667 0.9388888888888889 0.29322916666666665 0.9324074074074075 0.2984375 0.925 0.30052083333333335 0.9277777777777778 0.3067708333333333 0.9259259259259259 0.3125 0.9324074074074075 0.3260416666666667 0.9305555555555556 0.3375 0.9231481481481482 0.3671875 0.9259259259259259 0.36875 0.9305555555555556 0.37395833333333334 0.9259259259259259 0.3770833333333333 0.9342592592592592 0.3880208333333333 0.937037037037037 0.40572916666666664 0.937037037037037 0.40729166666666666 0.9324074074074075 0.4109375 0.9305555555555556 0.41354166666666664 0.9388888888888889 0.42239583333333336 0.9388888888888889 0.421875 0.9444444444444444 0.4244791666666667 0.9416666666666667 0.42604166666666665 0.9462962962962963 0.42916666666666664 0.9462962962962963 0.43802083333333336 0.9592592592592593 0.44583333333333336 0.962037037037037 0.45260416666666664 0.9574074074074074 0.4625 0.9574074074074074 0.46770833333333334 0.9388888888888889 0.4734375 0.9351851851851852 0.4765625 0.9259259259259259 0.48072916666666665 0.9259259259259259 0.484375 0.9194444444444444 0.4875 0.9212962962962963 0.4901041666666667 0.9166666666666666 0.5010416666666667 0.9120370370370371 0.5057291666666667 0.9055555555555556 0.5166666666666667 0.9055555555555556 0.51875 0.9027777777777778 0.5302083333333333 0.9009259259259259 0.5395833333333333 0.8944444444444445 0.5421875 0.8981481481481481 0.5484375 0.8944444444444445 0.5583333333333333 0.8962962962962963 0.5630208333333333 0.8916666666666667 0.5802083333333333 0.8916666666666667 0.5947916666666667 0.8888888888888888 0.6015625 0.8824074074074074 0.6161458333333333 0.8824074074074074 0.625 0.8777777777777778 0.6265625 0.8703703703703703 0.634375 0.8638888888888889 0.6411458333333333 0.8638888888888889 0.6442708333333333 0.8685185185185185 0.6479166666666667 0.8685185185185185 0.6505208333333333 0.8648148148148148 0.6515625 0.8685185185185185 0.659375 0.8712962962962963 0.6604166666666667 0.8759259259259259 0.66875 0.8759259259259259 0.6682291666666667 0.9018518518518519 0.6604166666666667 0.9138888888888889 0.6609375 0.925 0.6666666666666666 0.9277777777777778 0.6671875 0.9388888888888889 0.6796875 0.9435185185185185 0.6854166666666667 0.9490740740740741 0.6994791666666667 0.9462962962962963 0.7036458333333333 0.9398148148148148 0.7114583333333333 0.9351851851851852 0.7239583333333334 0.9416666666666667 0.7328125 0.9416666666666667 0.7473958333333334 0.9342592592592592 0.7619791666666667 0.9185185185185185 0.78125 0.9212962962962963 0.7989583333333333 0.9166666666666666 0.8036458333333333 0.9074074074074074 0.8177083333333334 0.9101851851851852 0.8364583333333333 0.9055555555555556 0.8479166666666667 0.8898148148148148 0.8515625 0.8555555555555555 0.8557291666666667 0.8574074074074074 0.859375 0.8527777777777777 0.8630208333333333 0.8527777777777777 0.8640625 0.8481481481481481 0.8625 0.8435185185185186 0.8734375 0.8435185185185186 0.878125 0.8351851851851851 0.884375 0.8305555555555556 0.8973958333333333 0.8277777777777777 0.9041666666666667 0.8185185185185185 0.9078125 0.8185185185185185 0.909375 0.8212962962962963 0.9182291666666667 0.8185185185185185 0.9354166666666667 0.8324074074074074 0.9557291666666666 0.8305555555555556 0.9776041666666667 0.8324074074074074 0.9901041666666667 0.837037037037037 0.9947916666666666 0.8351851851851851 0.9958333333333333 0.8305555555555556 0.9963541666666667 0.8212962962962963 0.9947916666666666 0.8148148148148148 0.9973958333333334 0.8055555555555556 0.9947916666666666 0.8 0.9958333333333333 0.7888888888888889 0.9932291666666667 0.7824074074074074 0.9953125 0.7638888888888888 0.9932291666666667 0.7611111111111111 0.9921875 0.7537037037037037 0.9963541666666667 0.7407407407407407 0.9994791666666667 0.7388888888888889 0.9994791666666667 0.7324074074074074 0.9947916666666666 0.7277777777777777 0.99375 0.7166666666666667 0.9890625 0.7055555555555556 0.9994791666666667 0.6935185185185185 0.9994791666666667 0.6712962962962963 0.9932291666666667 0.6666666666666666 0.9807291666666667 0.649074074074074 0.9734375 0.6481481481481481 0.9677083333333333 0.6398148148148148 0.9630208333333333 0.6370370370370371 0.9572916666666667 0.6398148148148148 0.9536458333333333 0.6574074074074074 0.9484375 0.6666666666666666 0.9505208333333334 0.687037037037037 0.9536458333333333 0.6990740740740741 0.9541666666666667 0.7148148148148148 0.9494791666666667 0.7185185185185186 0.9380208333333333 0.7194444444444444 0.9322916666666666 0.7166666666666667 0.9177083333333333 0.6935185185185185 0.9114583333333334 0.687037037037037 0.9083333333333333 0.687037037037037 0.9015625 0.6787037037037037 0.9020833333333333 0.6666666666666666 0.8994791666666667 0.6638888888888889 0.8828125 0.6555555555555556 0.8729166666666667 0.6444444444444445 0.8682291666666667 0.6435185185185185 0.8609375 0.6351851851851852 0.8479166666666667 0.6277777777777778 0.8328125 0.625 0.8307291666666666 0.6268518518518519 0.8291666666666667 0.6342592592592593 0.8223958333333333 0.6435185185185185 0.8166666666666667 0.6462962962962963 0.8057291666666667 0.6324074074074074 0.7880208333333333 0.6231481481481481 0.7796875 0.6148148148148148 0.7671875 0.6166666666666667 0.7645833333333333 0.6212962962962963 0.76328125 0.6185185185185185 0.7614583333333333 0.6212962962962963 0.7604166666666666 0.6185185185185185 0.7567708333333333 0.6259259259259259 0.7583333333333333 0.6296296296296297 0.7578125 0.6351851851851852 0.753125 0.6425925925925926 0.7536458333333333 0.6462962962962963 0.7572916666666667 0.65 0.7520833333333333 0.6546296296296297 0.7375 0.6435185185185185 0.7395833333333334 0.6398148148148148 0.7375 0.6370370370370371 0.7380208333333333 0.6231481481481481 0.73515625 0.6231481481481481 0.7328125 0.6277777777777778 0.7317708333333334 0.6212962962962963 0.725 0.6212962962962963 0.7239583333333334 0.6185185185185185 0.7182291666666667 0.6231481481481481 0.709375 0.6231481481481481 0.7088541666666667 0.6185185185185185 0.7046875 0.612037037037037 0.6880208333333333 0.6027777777777777 0.6885416666666667 0.5981481481481481 0.6833333333333333 0.5925925925925926 0.6817708333333333 0.587037037037037 0.6630208333333333 0.5888888888888889 0.6614583333333334 0.5824074074074074 0.6505208333333333 0.5851851851851851 0.6494791666666667 0.5833333333333334 0.6510416666666666 0.5805555555555556 0.6552083333333333 0.5777777777777777 0.6536458333333334 0.575 0.6546875 0.5694444444444444 0.6494791666666667 0.5666666666666667 0.6453125 0.5703703703703704 0.6463541666666667 0.5731481481481482 0.6432291666666666 0.5796296296296296 0.6385416666666667 0.5805555555555556 0.6364583333333333 0.5898148148148148 0.6369791666666667 0.5981481481481481 0.6348958333333333 0.6027777777777777 0.6213541666666667 0.612037037037037 0.6182291666666667 0.6185185185185185 0.6182291666666667 0.6259259259259259 0.6161458333333333 0.6296296296296297 0.6177083333333333 0.6361111111111111 0.6151041666666667 0.6388888888888888 0.6177083333333333 0.6462962962962963 0.6161458333333333 0.649074074074074 0.6114583333333333 0.6462962962962963 0.60625 0.6472222222222223 0.6052083333333333 0.6527777777777778 0.6098958333333333 0.6583333333333333 0.6083333333333333 0.6638888888888889 0.609375 0.6675925925925926 0.5947916666666667 0.6731481481481482 0.5880208333333333 0.6805555555555556 0.5817708333333333 0.6777777777777778 0.571875 0.6981481481481482 0.5744791666666667 0.7055555555555556 0.5734375 0.712037037037037 0.5661458333333333 0.7138888888888889 0.5604166666666667 0.7092592592592593 0.5572916666666666 0.700925925925926 0.5510416666666667 0.700925925925926 0.55 0.6962962962962963 0.5453125 0.6962962962962963 0.5432291666666667 0.6916666666666667 0.53125 0.6935185185185185 0.5270833333333333 0.6888888888888889 0.5239583333333333 0.6888888888888889 0.5203125 0.6935185185185185 0.5161458333333333 0.6944444444444444 0.5166666666666667 0.687037037037037 0.5151041666666667 0.6851851851851852 0.49947916666666664 0.6851851851851852 0.4979166666666667 0.6833333333333333 0.4979166666666667 0.6777777777777778 0.49270833333333336 0.6759259259259259 0.49114583333333334 0.6703703703703704 0.4973958333333333 0.6666666666666666 0.5078125 0.6666666666666666 0.5083333333333333 0.649074074074074 0.5114583333333333 0.6398148148148148 0.5229166666666667 0.6416666666666667 0.5244791666666667 0.6388888888888888 0.5244791666666667 0.6148148148148148 0.5291666666666667 0.612037037037037 0.5260416666666666 0.612037037037037 0.5239583333333333 0.6074074074074074 0.5223958333333333 0.5935185185185186 0.5260416666666666 0.5916666666666667 0.5307291666666667 0.5824074074074074 0.5322916666666667 0.587037037037037 0.5385416666666667 0.5851851851851851 0.5364583333333334 0.5777777777777777 0.5317708333333333 0.5805555555555556 0.5296875 0.5768518518518518 0.53125 0.5694444444444444 0.5234375 0.5592592592592592 0.5244791666666667 0.5444444444444444 0.5276041666666667 0.5481481481481482 0.5302083333333333 0.5462962962962963 0.5307291666666667 0.5398148148148149 0.5291666666666667 0.5351851851851852 0.525 0.5324074074074074 0.5234375 0.5388888888888889 0.5171875 0.5435185185185185 0.5072916666666667 0.5435185185185185 0.5036458333333333 0.5314814814814814 0.5072916666666667 0.5277777777777778 0.5036458333333333 0.524074074074074 0.5 0.5212962962962963 0.47552083333333334 0.5185185185185185 0.46979166666666666 0.5185185185185185 0.4630208333333333 0.5324074074074074 0.4552083333333333 0.5324074074074074 0.45208333333333334 0.5277777777777778 0.44947916666666665 0.5277777777777778 0.4479166666666667 0.5203703703703704 0.4484375 0.5120370370370371 0.44427083333333334 0.5027777777777778 0.4432291666666667 0.4898148148148148 0.4401041666666667 0.4824074074074074 0.4395833333333333 0.4759259259259259 0.42135416666666664 0.44351851851851853 0.4125 0.44166666666666665 0.40677083333333336 0.4462962962962963 0.403125 0.44351851851851853 0.4015625 0.43703703703703706 0.38333333333333336 0.43425925925925923 0.36875 0.4185185185185185 0.35833333333333334 0.4212962962962963 0.35572916666666665 0.41759259259259257 0.3567708333333333 0.41388888888888886 0.35052083333333334 0.40370370370370373 0.35052083333333334 0.3962962962962963 0.34739583333333335 0.3851851851851852 0.34427083333333336 0.3851851851851852 0.3380208333333333 0.37592592592592594 0.33489583333333334 0.36018518518518516 0.33125 0.35555555555555557 0.3260416666666667 0.35555555555555557 0.3229166666666667 0.36018518518518516 0.3177083333333333 0.3527777777777778 0.315625 0.35648148148148145 0.3078125 0.3527777777777778 0.3067708333333333 0.3453703703703704 0.31354166666666666 0.3435185185185185 0.31354166666666666 0.33425925925925926 0.3109375 0.33425925925925926 0.3104166666666667 0.33055555555555555 0.30052083333333335 0.3277777777777778 0.296875 0.32314814814814813 0.2875 0.3212962962962963 0.2791666666666667 0.3101851851851852 0.2677083333333333 0.31203703703703706 0.26458333333333334 0.31666666666666665 0.26145833333333335 0.33240740740740743 0.25104166666666666 0.33055555555555555 0.24895833333333334 0.32592592592592595 0.24427083333333333 0.32407407407407407 0.23802083333333332 0.33055555555555555 0.23541666666666666 0.3416666666666667 0.23958333333333334 0.36018518518518516 0.2296875 0.37592592592592594 0.23125 0.37962962962962965 0.2296875 0.38425925925925924 0.2234375 0.3851851851851852 0.21979166666666666 0.3824074074074074 0.21822916666666667 0.3851851851851852 0.21458333333333332 0.3851851851851852 0.2109375 0.37777777777777777 0.20260416666666667 0.37777777777777777 0.2 0.3814814814814815 0.20052083333333334 0.3851851851851852 0.20572916666666666 0.3851851851851852 0.20677083333333332 0.3888888888888889 0.21197916666666666 0.39166666666666666 0.23125 0.39166666666666666 0.2375 0.3990740740740741 0.23697916666666666 0.40555555555555556 0.23958333333333334 0.4101851851851852 0.2453125 0.41388888888888886 0.246875 0.42777777777777776 0.24375 0.4388888888888889 0.24427083333333333 0.44814814814814813 0.24166666666666667 0.45740740740740743 0.23802083333333332 0.45740740740740743 0.23489583333333333 0.4638888888888889 0.22864583333333333 0.4685185185185185 0.21979166666666666 0.46944444444444444 0.2171875 0.4648148148148148 0.2171875 0.4527777777777778 0.20989583333333334 0.4444444444444444 0.19895833333333332 0.44907407407407407 0.1921875 0.4324074074074074 0.1671875 0.4324074074074074 0.1625 0.42685185185185187 0.16197916666666667 0.42314814814814816 0.15520833333333334 0.4166666666666667 0.14270833333333333 0.4166666666666667 0.13645833333333332 0.4212962962962963 0.13020833333333334 0.4324074074074074 0.12604166666666666 0.4324074074074074 0.11770833333333333 0.4388888888888889 0.1 0.44166666666666665 0.09375 0.45185185185185184 0.09270833333333334 0.4601851851851852 0.09479166666666666 0.4648148148148148 0.09270833333333334 0.4703703703703704 0.08854166666666667 0.47129629629629627 0.08802083333333334 0.4740740740740741 0.0828125 0.4740740740740741 0.08072916666666667 0.48055555555555557