0 0.5152224824355972 0.7291666666666666 0.5140515222482436 0.7354166666666667 0.5210772833723654 0.7416666666666667 0.5491803278688525 0.7479166666666667 0.5526932084309133 0.7375 0.5456674473067916 0.7208333333333333 0.5562060889929742 0.70625 0.5362997658079626 0.7041666666666667 0.531615925058548 0.71875
0 0.9133489461358314 0.6875 0.9121779859484778 0.7 0.9028103044496487 0.7145833333333333 0.9250585480093677 0.73125 0.9227166276346604 0.7375 0.9262295081967213 0.75 0.9227166276346604 0.7666666666666667 0.9285714285714286 0.7791666666666667 0.9332552693208431 0.7791666666666667 0.9379391100702577 0.7666666666666667 0.9344262295081968 0.7291666666666666 0.9426229508196722 0.7291666666666666 0.9484777517564403 0.7375 0.9613583138173302 0.7604166666666666 0.9637002341920374 0.7791666666666667 0.9882903981264637 0.7791666666666667 0.9953161592505855 0.7479166666666667 0.9871194379391101 0.73125 0.9789227166276346 0.725 0.9765807962529274 0.7291666666666666 0.955503512880562 0.6979166666666666 0.9309133489461359 0.6875
0 0.4519906323185012 0.6791666666666667 0.45081967213114754 0.6875 0.45433255269320844 0.6916666666666667 0.45081967213114754 0.7270833333333333 0.47306791569086654 0.7354166666666667 0.47892271662763464 0.71875 0.47423887587822017 0.70625 0.4601873536299766 0.6958333333333333 0.45550351288056207 0.675
0 0.43676814988290397 0.64375 0.4332552693208431 0.6479166666666667 0.4414519906323185 0.65625 0.4426229508196721 0.6666666666666666 0.446135831381733 0.6541666666666667 0.4519906323185012 0.6604166666666667 0.45081967213114754 0.6666666666666666 0.45550351288056207 0.6604166666666667
0 0.5234192037470726 0.6291666666666667 0.5245901639344263 0.6416666666666667 0.5398126463700235 0.65 0.544496487119438 0.64375 0.5456674473067916 0.65 0.5456674473067916 0.6416666666666667 0.5468384074941453 0.6479166666666667 0.5585480093676815 0.6479166666666667 0.5491803278688525 0.6395833333333333 0.550351288056206 0.63125 0.5456674473067916 0.6395833333333333 0.5398126463700235 0.63125 0.5327868852459017 0.6354166666666666
0 0.5023419203747073 0.61875 0.5 0.625 0.5081967213114754 0.6229166666666667 0.5081967213114754 0.6166666666666667
0 0.4601873536299766 0.6229166666666667 0.45550351288056207 0.6291666666666667 0.46252927400468385 0.63125 0.4648711943793911 0.6416666666666667 0.4672131147540984 0.63125 0.49063231850117095 0.625 0.49414519906323184 0.63125 0.4964871194379391 0.61875 0.4859484777517564 0.6166666666666667 0.47892271662763464 0.6291666666666667 0.477751756440281 0.6166666666666667 0.47540983606557374 0.6229166666666667 0.4677985948477752 0.6229166666666667 0.4648711943793911 0.6354166666666666
0 0.5035128805620609 0.6041666666666666 0.5023419203747073 0.6104166666666667 0.5070257611241218 0.6104166666666667 0.5081967213114754 0.6041666666666666
0 0.48653395784543324 0.6020833333333333 0.00117096018735363 0.004166666666666667
0 0.6100702576112412 0.59375 0.6065573770491803 0.6041666666666666 0.6100702576112412 0.6270833333333333 0.6182669789227166 0.6395833333333333 0.617096018735363 0.6604166666666667 0.5971896955503513 0.6729166666666667 0.5878220140515222 0.66875 0.585480093676815 0.6770833333333334 0.5761124121779859 0.675 0.5737704918032787 0.6791666666666667 0.5796252927400468 0.6958333333333333 0.5772833723653396 0.70625 0.5819672131147541 0.7104166666666667 0.5819672131147541 0.7229166666666667 0.5889929742388759 0.7291666666666666 0.6311475409836066 0.7375 0.6370023419203747 0.7666666666666667 0.6697892271662763 0.76875 0.680327868852459 0.775 0.7072599531615925 0.7729166666666667 0.7096018735362998 0.7 0.752927400468384 0.6875 0.7681498829039812 0.6958333333333333 0.7693208430913349 0.7125 0.7599531615925058 0.71875 0.7599531615925058 0.725 0.765807962529274 0.75 0.788056206088993 0.7625 0.788056206088993 0.7729166666666667 0.7798594847775175 0.7916666666666666 0.7892271662763466 0.8041666666666667 0.8255269320843092 0.7979166666666667 0.8430913348946136 0.80625 0.8583138173302107 0.7979166666666667 0.8665105386416861 0.8104166666666667 0.8875878220140515 0.81875 0.927400468384075 0.8166666666666667 0.9379391100702577 0.8041666666666667 0.9168618266978923 0.7916666666666666 0.9028103044496487 0.7916666666666666 0.8934426229508197 0.775 0.8747072599531616 0.7666666666666667 0.870023419203747 0.7541666666666667 0.8688524590163934 0.725 0.8758782201405152 0.71875 0.870023419203747 0.7229166666666667 0.8571428571428571 0.7166666666666667 0.8407494145199064 0.69375 0.8091334894613583 0.6875 0.8067915690866511 0.6791666666666667 0.7915690866510539 0.6791666666666667 0.7903981264637002 0.6875 0.788056206088993 0.6729166666666667 0.7810304449648712 0.6625 0.7517564402810304 0.6604166666666667 0.7400468384074942 0.6541666666666667 0.7353629976580797 0.64375 0.7283372365339579 0.64375 0.7271662763466042 0.6541666666666667 0.7189695550351288 0.6541666666666667 0.7060889929742389 0.6354166666666666 0.6943793911007026 0.6354166666666666 0.689695550351288 0.6291666666666667 0.6709601873536299 0.63125 0.6651053864168618 0.61875 0.65807962529274 0.63125 0.6416861826697893 0.6
0 0.5292740046838408 0.5958333333333333 0.00702576112412178 0.004166666666666667
0 0.0117096018735363 0.55 0.00819672131147541 0.5541666666666667 0.03864168618266979 0.5541666666666667
0 0.4783372365339578 0.49583333333333335 0.00117096018735363 0.004166666666666667
0 0.05152224824355972 0.4791666666666667 0.05269320843091335 0.49375 0.07611241217798595 0.5291666666666667 0.07728337236533958 0.5104166666666666 0.07142857142857142 0.5020833333333333 0.10421545667447307 0.4875 0.10655737704918032 0.48125 0.10187353629976581 0.48125 0.09953161592505855 0.46875 0.10772833723653395 0.4625 0.11592505854800937 0.47291666666666665 0.11943793911007025 0.4666666666666667 0.12256088992974239 0.47291666666666665 0.1358313817330211 0.47291666666666665 0.13817330210772832 0.4791666666666667 0.12412177985948478 0.49375 0.13466042154566746 0.5041666666666667 0.1323185011709602 0.5104166666666666 0.11826697892271663 0.5125 0.1252927400468384 0.5354166666666667 0.13817330210772832 0.5354166666666667 0.1451990632318501 0.5229166666666667 0.16510538641686182 0.5104166666666666 0.1791569086651054 0.5541666666666667 0.18266978922716628 0.6166666666666667 0.1756440281030445 0.6229166666666667 0.15105386416861827 0.6166666666666667 0.14754098360655737 0.625 0.148711943793911 0.6354166666666666 0.1756440281030445 0.65 0.19086651053864168 0.6666666666666666 0.2154566744730679 0.6625 0.23185011709601874 0.625 0.24824355971896955 0.6125 0.2646370023419204 0.61875 0.26697892271662765 0.625 0.29156908665105385 0.625 0.3009367681498829 0.6354166666666666 0.3149882903981265 0.63125 0.3149882903981265 0.6458333333333334 0.319672131147541 0.6479166666666667 0.32084309133489464 0.65625 0.31381733021077285 0.6666666666666666 0.319672131147541 0.6604166666666667 0.3360655737704918 0.6791666666666667 0.33138173302107726 0.7104166666666667 0.3337236533957845 0.7041666666666667 0.3372365339578454 0.7104166666666667 0.3477751756440281 0.70625 0.405152224824356 0.71875 0.41451990632318503 0.70625 0.41100702576112413 0.69375 0.405152224824356 0.6895833333333333 0.4016393442622951 0.6729166666666667 0.4028103044496487 0.6458333333333334 0.42505854800936765 0.6229166666666667 0.4215456674473068 0.61875 0.4180327868852459 0.625 0.4168618266978923 0.6125 0.3946135831381733 0.6 0.39227166276346603 0.625 0.3747072599531616 0.625 0.35011709601873536 0.6041666666666666 0.34894613583138173 0.59375 0.33021077283372363 0.59375 0.3161592505854801 0.5625 0.29508196721311475 0.55 0.2646370023419204 0.50625 0.23302107728337237 0.48125 0.2259953161592506 0.45416666666666666 0.20725995316159251 0.42291666666666666 0.202576112412178 0.39375 0.1955503512880562 0.3770833333333333 0.19437939110070257 0.34791666666666665 0.16159250585480095 0.34375 0.148711943793911 0.33125 0.1358313817330211 0.33125 0.1053864168618267 0.39375 0.10421545667447307 0.4166666666666667 0.09484777517564402 0.4395833333333333 0.08665105386416862 0.45 0.07845433255269321 0.44166666666666665 0.07259953161592506 0.44583333333333336 0.06908665105386416 0.4875