0 0.6932084309133489 0.9302083333333333 0.00234192037470726 0.0020833333333333333
0 0.11943793911007025 0.9145833333333333 0.11826697892271663 0.9291666666666667 0.12177985948477751 0.9375 0.12997658079625293 0.9375 0.13348946135831383 0.95 0.1405152224824356 0.9354166666666667 0.1405152224824356 0.9166666666666666
0 0.13817330210772832 0.90625 0.13700234192037472 0.9104166666666667 0.14168618266978922 0.9104166666666667
0 0.563231850117096 0.88125 0.5597189695550351 0.8875 0.5644028103044496 0.8875
0 0.5620608899297423 0.8739583333333333 0.00234192037470726 0.0020833333333333333
0 0.10480093676814989 0.8739583333333333 0.00117096018735363 0.0020833333333333333
0 0.31381733021077285 0.8604166666666667 0.31381733021077285 0.8666666666666667 0.3185011709601874 0.8666666666666667
0 0.1053864168618267 0.84375 0.10187353629976581 0.8479166666666667 0.10187353629976581 0.8625 0.1053864168618267 0.8625
0 0.45901639344262296 0.7729166666666667 0.45901639344262296 0.7979166666666667 0.4648711943793911 0.8 0.4707259953161593 0.7916666666666666 0.4672131147540984 0.7729166666666667 0.46252927400468385 0.7666666666666667
0 0.5620608899297423 0.74375 0.5608899297423887 0.75 0.5644028103044496 0.75
0 0.5046838407494145 0.7604166666666666 0.5081967213114754 0.7833333333333333 0.5023419203747073 0.8041666666666667 0.5081967213114754 0.8125 0.5140515222482436 0.84375 0.5257611241217799 0.8625 0.5269320843091335 0.8833333333333333 0.5362997658079626 0.8875 0.5468384074941453 0.875 0.544496487119438 0.8520833333333333 0.5480093676814989 0.84375 0.531615925058548 0.8270833333333333 0.5351288056206089 0.81875 0.5292740046838408 0.8020833333333334 0.5351288056206089 0.7729166666666667 0.531615925058548 0.76875 0.531615925058548 0.7479166666666667 0.5234192037470726 0.7375 0.5128805620608899 0.74375 0.5105386416861827 0.75625
0 0.84192037470726 0.6375 0.8372365339578455 0.6541666666666667 0.8407494145199064 0.7041666666666667 0.8384074941451991 0.7229166666666667 0.8442622950819673 0.74375 0.8524590163934426 0.74375 0.8618266978922716 0.6875 0.8536299765807962 0.65
0 0.00117096018735363 0.5625 0.00351288056206089 0.65625 0.01405152224824356 0.66875 0.00468384074941452 0.6791666666666667 0 0.75 0 0.89375 0.00351288056206089 0.9145833333333333 0.00117096018735363 0.9375 0.00819672131147541 0.9479166666666666 0.0117096018735363 0.9729166666666667 0.02107728337236534 0.9916666666666667 0.03864168618266979 0.9979166666666667 0.059718969555035126 0.9916666666666667 0.07377049180327869 0.9729166666666667 0.07845433255269321 0.975 0.08430913348946135 0.9666666666666667 0.09718969555035128 0.96875 0.1053864168618267 0.9604166666666667 0.10772833723653395 0.95 0.10070257611241218 0.9145833333333333 0.10772833723653395 0.9104166666666667 0.11124121779859485 0.8979166666666667 0.10070257611241218 0.8979166666666667 0.09718969555035128 0.8895833333333333 0.09718969555035128 0.84375 0.10187353629976581 0.8416666666666667 0.09718969555035128 0.81875 0.07377049180327869 0.8166666666666667 0.06908665105386416 0.8083333333333333 0.0585480093676815 0.7604166666666666 0.04215456674473068 0.7270833333333333 0.02810304449648712 0.7104166666666667 0.02810304449648712 0.6729166666666667 0.020491803278688523 0.66875 0.01639344262295082 0.65625 0.02810304449648712 0.65625 0.02927400468384075 0.5979166666666667 0.04215456674473068 0.59375 0.04918032786885246 0.5833333333333334 0.05737704918032787 0.5854166666666667 0.05620608899297424 0.5666666666666667 0.05035128805620609 0.56875 0.0468384074941452 0.5541666666666667 0.03629976580796253 0.5416666666666666 0.0234192037470726 0.5416666666666666
0 0.7423887587822015 0.5375 0.7400468384074942 0.55 0.7435597189695551 0.55 0.7459016393442623 0.5375
0 0.4672131147540984 0.4625 0.4531615925058548 0.48125 0.4484777517564403 0.5416666666666666 0.43559718969555034 0.55 0.42857142857142855 0.5625 0.4168618266978923 0.5625 0.40046838407494145 0.5416666666666666 0.37822014051522246 0.5875 0.36768149882903983 0.59375 0.35714285714285715 0.6125 0.34894613583138173 0.6604166666666667 0.34660421545667447 0.6666666666666666 0.34192037470725994 0.6625 0.34894613583138173 0.6791666666666667 0.32903981264637 0.6916666666666667 0.32435597189695553 0.7041666666666667 0.3161592505854801 0.7041666666666667 0.30327868852459017 0.71875 0.2997658079625293 0.7354166666666667 0.2857142857142857 0.7541666666666667 0.27634660421545665 0.7479166666666667 0.2728337236533958 0.73125 0.2681498829039813 0.7291666666666666 0.2681498829039813 0.71875 0.265807962529274 0.7479166666666667 0.2611241217798595 0.75625 0.2459016393442623 0.7541666666666667 0.2388758782201405 0.73125 0.2306791569086651 0.725 0.22716627634660422 0.74375 0.21428571428571427 0.7479166666666667 0.20960187353629978 0.75625 0.20843091334894615 0.75 0.20725995316159251 0.78125 0.20374707259953162 0.7854166666666667 0.19789227166276346 0.7854166666666667 0.19672131147540983 0.775 0.1885245901639344 0.7666666666666667 0.13817330210772832 0.78125 0.14168618266978922 0.7916666666666666 0.15163934426229508 0.775 0.15807962529274006 0.775 0.1522248243559719 0.7916666666666666 0.15807962529274006 0.81875 0.15807962529274006 0.8395833333333333 0.14754098360655737 0.8479166666666667 0.15456674473067916 0.8583333333333333 0.16042154566744732 0.8875 0.1721311475409836 0.89375 0.1756440281030445 0.9166666666666666 0.18149882903981265 0.925 0.1873536299765808 0.9229166666666667 0.1920374707259953 0.9166666666666666 0.19437939110070257 0.9 0.19086651053864168 0.8708333333333333 0.1955503512880562 0.8625 0.2154566744730679 0.8625 0.2107728337236534 0.84375 0.22014051522248243 0.8354166666666667 0.22716627634660422 0.84375 0.23302107728337237 0.88125 0.2459016393442623 0.8979166666666667 0.25526932084309134 0.8916666666666667 0.25995316159250587 0.875 0.25526932084309134 0.8458333333333333 0.26697892271662765 0.81875 0.27049180327868855 0.78125 0.27985948477751754 0.7895833333333333 0.28337236533957844 0.8041666666666667 0.2810304449648712 0.8125 0.28805620608899296 0.8416666666666667 0.30327868852459017 0.8541666666666666 0.3161592505854801 0.8479166666666667 0.3114754098360656 0.83125 0.3185011709601874 0.7958333333333333 0.3337236533957845 0.7916666666666666 0.3430913348946136 0.8166666666666667 0.3442622950819672 0.8416666666666667 0.35011709601873536 0.8625 0.3559718969555035 0.875 0.36065573770491804 0.875 0.37236533957845436 0.84375 0.3770491803278688 0.8166666666666667 0.3864168618266979 0.8 0.39695550351288056 0.80625 0.4063231850117096 0.81875 0.4063231850117096 0.83125 0.4133489461358314 0.8354166666666667 0.41451990632318503 0.83125 0.40866510538641687 0.8291666666666667 0.4098360655737705 0.81875 0.41569086651053866 0.8125 0.41920374707259955 0.7958333333333333 0.4262295081967213 0.7916666666666666 0.4309133489461358 0.7625 0.4309133489461358 0.7416666666666667 0.4262295081967213 0.7354166666666667 0.42857142857142855 0.7291666666666666 0.446135831381733 0.725 0.45081967213114754 0.73125 0.4531615925058548 0.75 0.4613583138173302 0.75625 0.46252927400468385 0.7416666666666667 0.4707259953161593 0.7354166666666667 0.4765807962529274 0.7125 0.4894613583138173 0.6875 0.49765807962529274 0.6916666666666667 0.5046838407494145 0.7104166666666667 0.5234192037470726 0.7104166666666667 0.5234192037470726 0.7291666666666666 0.5281030444964872 0.7229166666666667 0.5298594847775175 0.7291666666666666 0.5433255269320844 0.7291666666666666 0.5480093676814989 0.7125 0.5608899297423887 0.7166666666666667 0.5644028103044496 0.7104166666666667 0.5925058548009368 0.7104166666666667 0.5971896955503513 0.7166666666666667 0.5995316159250585 0.7 0.607728337236534 0.69375 0.6159250585480094 0.70625 0.639344262295082 0.7041666666666667 0.6475409836065574 0.7291666666666666 0.6545667447306791 0.73125 0.6592505854800936 0.75 0.6686182669789227 0.75 0.6697892271662763 0.73125 0.680327868852459 0.70625 0.6908665105386417 0.7083333333333334 0.6943793911007026 0.725 0.702576112412178 0.7229166666666667 0.702576112412178 0.7125 0.7060889929742389 0.70625 0.7084309133489461 0.7104166666666667 0.711943793911007 0.7 0.7306791569086651 0.69375 0.7330210772833724 0.675 0.765807962529274 0.68125 0.7786885245901639 0.6541666666666667 0.7786885245901639 0.6354166666666666 0.7681498829039812 0.60625 0.7552693208430913 0.6229166666666667 0.7576112412177985 0.6354166666666666 0.7540983606557377 0.6375 0.7540983606557377 0.6479166666666667 0.7400468384074942 0.64375 0.7330210772833724 0.63125 0.7353629976580797 0.625 0.7295081967213115 0.6125 0.7330210772833724 0.5791666666666667 0.7259953161592506 0.55625 0.734192037470726 0.54375 0.7271662763466042 0.5333333333333333 0.7306791569086651 0.525 0.7049180327868853 0.5375 0.6943793911007026 0.51875 0.6791569086651054 0.5166666666666667 0.6697892271662763 0.5 0.6651053864168618 0.46875 0.6533957845433255 0.45 0.6323185011709602 0.46875 0.6229508196721312 0.46875 0.6135831381733021 0.4666666666666667 0.6053864168618267 0.4375 0.5960187353629977 0.4375 0.594847775175644 0.44375 0.5866510538641686 0.4479166666666667 0.5796252927400468 0.4375 0.5456674473067916 0.43125 0.5292740046838408 0.45 0.5245901639344263 0.4666666666666667 0.5140515222482436 0.48125 0.5081967213114754 0.4666666666666667 0.5105386416861827 0.4625 0.5 0.45416666666666666 0.49765807962529274 0.4625 0.5070257611241218 0.47291666666666665 0.5058548009367682 0.48541666666666666 0.4918032786885246 0.49375 0.48243559718969553 0.48541666666666666 0.4847775175644028 0.475 0.4765807962529274 0.45625