0 0.3609375 0.7490740740740741 0.3572916666666667 0.7509259259259259 0.3578125 0.7675925925925926 0.35572916666666665 0.7787037037037037 0.3578125 0.7814814814814814 0.38229166666666664 0.7620370370370371 0.37552083333333336 0.7509259259259259 0.3692708333333333 0.7527777777777778 0.36354166666666665 0.7490740740740741
0 0.025 0.7361111111111112 0.0109375 0.7444444444444445 0.0109375 0.7657407407407407 0.015104166666666667 0.7759259259259259 0.0203125 0.775 0.0234375 0.7685185185185185 0.020833333333333332 0.7648148148148148 0.026041666666666668 0.7657407407407407 0.027604166666666666 0.7611111111111111 0.028645833333333332 0.7407407407407407 0.026041666666666668 0.7361111111111112
0 0.0875 0.6472222222222223 0.0890625 0.65 0.08697916666666666 0.6611111111111111 0.08802083333333334 0.6685185185185185 0.09635416666666667 0.6759259259259259 0.10677083333333333 0.6722222222222223 0.11458333333333333 0.6583333333333333 0.11302083333333333 0.6481481481481481 0.109375 0.6472222222222223 0.10625 0.6546296296296297 0.103125 0.6546296296296297 0.0953125 0.6472222222222223 0.09010416666666667 0.6472222222222223
0 0.34010416666666665 0.7425925925925926 0.32395833333333335 0.7564814814814815 0.31197916666666664 0.7537037037037037 0.3072916666666667 0.7481481481481481 0.3020833333333333 0.7509259259259259 0.3020833333333333 0.7546296296296297 0.30625 0.7592592592592593 0.3104166666666667 0.7592592592592593 0.31875 0.7768518518518519 0.31875 0.7861111111111111 0.32135416666666666 0.787962962962963 0.3302083333333333 0.7824074074074074 0.32916666666666666 0.7796296296296297 0.31979166666666664 0.775 0.321875 0.7666666666666667 0.33541666666666664 0.7583333333333333 0.3359375 0.7537037037037037 0.3453125 0.7518518518518519 0.3453125 0.7453703703703703 0.34270833333333334 0.7425925925925926
0 0.9838541666666667 0.9601851851851851 0.9776041666666667 0.9666666666666667 0.9734375 0.9666666666666667 0.9713541666666666 0.9842592592592593 0.9713541666666666 0.9888888888888889 0.9734375 0.9925925925925926 0.9833333333333333 0.9925925925925926 0.9942708333333333 0.9796296296296296 0.9947916666666666 0.9731481481481481 0.9927083333333333 0.9666666666666667 0.9911458333333333 0.9666666666666667 0.9895833333333334 0.9611111111111111 0.9859375 0.9601851851851851
0 0.47708333333333336 0.8185185185185185 0.4708333333333333 0.8324074074074074 0.465625 0.8379629629629629 0.4671875 0.8407407407407408 0.4661458333333333 0.8518518518518519 0.46770833333333334 0.8564814814814815 0.4640625 0.8629629629629629 0.46979166666666666 0.8694444444444445 0.4786458333333333 0.8685185185185185 0.484375 0.8629629629629629 0.48385416666666664 0.8342592592592593 0.4817708333333333 0.8314814814814815 0.4817708333333333 0.8231481481481482 0.47760416666666666 0.8185185185185185
0 0.6213541666666667 0.5333333333333333 0.61875 0.5333333333333333 0.6140625 0.5398148148148149 0.6098958333333333 0.5564814814814815 0.6098958333333333 0.5666666666666667 0.6114583333333333 0.5703703703703704 0.6119791666666666 0.5824074074074074 0.6135416666666667 0.5842592592592593 0.6119791666666666 0.5879629629629629 0.6130208333333333 0.5944444444444444 0.6192708333333333 0.5953703703703703 0.6177083333333333 0.5916666666666667 0.6203125 0.587037037037037 0.6182291666666667 0.5861111111111111 0.6182291666666667 0.5833333333333334 0.628125 0.5814814814814815 0.6328125 0.5740740740740741 0.63125 0.5694444444444444 0.6328125 0.5675925925925925 0.6317708333333333 0.562962962962963 0.6338541666666667 0.5601851851851852 0.6317708333333333 0.5574074074074075 0.6302083333333334 0.5435185185185185 0.6239583333333333 0.5333333333333333
0 0.19635416666666666 0.7194444444444444 0.1890625 0.7379629629629629 0.17760416666666667 0.75 0.16979166666666667 0.7694444444444445 0.1578125 0.7833333333333333 0.15625 0.7925925925925926 0.1578125 0.7953703703703704 0.16458333333333333 0.7925925925925926 0.17083333333333334 0.7814814814814814 0.18229166666666666 0.7712962962962963 0.19322916666666667 0.7527777777777778 0.20416666666666666 0.7416666666666667 0.20572916666666666 0.7231481481481481 0.203125 0.7194444444444444 0.196875 0.7203703703703703
0 0.5666666666666667 0.6129629629629629 0.5578125 0.6166666666666667 0.5552083333333333 0.6259259259259259 0.5463541666666667 0.6425925925925926 0.5421875 0.6435185185185185 0.5411458333333333 0.6518518518518519 0.5296875 0.6537037037037037 0.5276041666666667 0.6592592592592592 0.5276041666666667 0.6777777777777778 0.540625 0.6796296296296296 0.55 0.675 0.5510416666666667 0.6574074074074074 0.5473958333333333 0.6537037037037037 0.5572916666666666 0.6462962962962963 0.5598958333333334 0.6416666666666667 0.5671875 0.6398148148148148 0.5661458333333333 0.6370370370370371 0.5703125 0.6212962962962963 0.5697916666666667 0.6157407407407407 0.5677083333333334 0.6129629629629629
0 0.3927083333333333 0.587037037037037 0.3697916666666667 0.6101851851851852 0.3625 0.6231481481481481 0.36041666666666666 0.6361111111111111 0.365625 0.6481481481481481 0.36875 0.6509259259259259 0.38385416666666666 0.6509259259259259 0.38697916666666665 0.6472222222222223 0.3854166666666667 0.6435185185185185 0.3859375 0.6361111111111111 0.38958333333333334 0.6222222222222222 0.39010416666666664 0.6129629629629629 0.39739583333333334 0.6018518518518519 0.39739583333333334 0.587037037037037
0 0.47291666666666665 0.5703703703703704 0.459375 0.575925925925926 0.45625 0.5824074074074074 0.453125 0.5842592592592593 0.44947916666666665 0.5833333333333334 0.4421875 0.5962962962962963 0.4296875 0.6055555555555555 0.428125 0.6092592592592593 0.43020833333333336 0.6166666666666667 0.428125 0.6259259259259259 0.43020833333333336 0.6287037037037037 0.43020833333333336 0.6361111111111111 0.43385416666666665 0.6388888888888888 0.453125 0.6370370370370371 0.4515625 0.6333333333333333 0.45364583333333336 0.6287037037037037 0.45208333333333334 0.6259259259259259 0.4546875 0.625 0.45729166666666665 0.6194444444444445 0.4588541666666667 0.5990740740740741 0.4630208333333333 0.5944444444444444 0.4671875 0.5953703703703703 0.46875 0.5879629629629629 0.475 0.5814814814814815 0.4765625 0.5740740740740741 0.4739583333333333 0.5703703703703704
0 0.8692708333333333 0.7537037037037037 0.859375 0.7657407407407407 0.8588541666666667 0.7722222222222223 0.8614583333333333 0.7759259259259259 0.8583333333333333 0.7787037037037037 0.8614583333333333 0.7814814814814814 0.8645833333333334 0.7944444444444444 0.8666666666666667 0.7962962962962963 0.8630208333333333 0.8 0.8692708333333333 0.8009259259259259 0.8703125 0.8037037037037037 0.8661458333333333 0.8046296296296296 0.8635416666666667 0.8092592592592592 0.8598958333333333 0.8046296296296296 0.8536458333333333 0.8055555555555556 0.8520833333333333 0.8064814814814815 0.8526041666666667 0.8138888888888889 0.8625 0.8212962962962963 0.865625 0.8277777777777777 0.8729166666666667 0.8277777777777777 0.8723958333333334 0.8240740740740741 0.8765625 0.8203703703703704 0.8817708333333333 0.8240740740740741 0.8895833333333333 0.8222222222222222 0.89375 0.8138888888888889 0.8927083333333333 0.7833333333333333 0.8880208333333334 0.775 0.8875 0.7703703703703704 0.8848958333333333 0.7675925925925926 0.8796875 0.7703703703703704 0.8786458333333333 0.7685185185185185 0.8802083333333334 0.7648148148148148 0.8765625 0.7638888888888888 0.8729166666666667 0.7555555555555555 0.8697916666666666 0.7537037037037037
0 0.9458333333333333 0.5731481481481482 0.93125 0.5879629629629629 0.9260416666666667 0.6018518518518519 0.9265625 0.6064814814814815 0.9244791666666666 0.6138888888888889 0.9260416666666667 0.6212962962962963 0.9333333333333333 0.6259259259259259 0.9427083333333334 0.6240740740740741 0.9447916666666667 0.6268518518518519 0.9447916666666667 0.6333333333333333 0.9484375 0.637962962962963 0.95625 0.637962962962963 0.9598958333333333 0.6425925925925926 0.9635416666666666 0.6407407407407407 0.9682291666666667 0.6435185185185185 0.9697916666666667 0.65 0.9734375 0.6537037037037037 0.9765625 0.6675925925925926 0.984375 0.675 0.9859375 0.6703703703703704 0.9859375 0.662962962962963 0.9833333333333333 0.6574074074074074 0.9848958333333333 0.6472222222222223 0.9802083333333333 0.6407407407407407 0.9828125 0.637962962962963 0.9817708333333334 0.6305555555555555 0.9791666666666666 0.6268518518518519 0.9802083333333333 0.6231481481481481 0.9729166666666667 0.6138888888888889 0.9682291666666667 0.6018518518518519 0.9635416666666666 0.5953703703703703 0.9588541666666667 0.5972222222222222 0.9510416666666667 0.5925925925925926 0.9489583333333333 0.5888888888888889 0.9494791666666667 0.5851851851851851 0.9536458333333333 0.5796296296296296 0.9463541666666667 0.5740740740740741
0 0.8447916666666667 0.612037037037037 0.834375 0.6138888888888889 0.8328125 0.6212962962962963 0.8328125 0.6416666666666667 0.83125 0.6472222222222223 0.8333333333333334 0.6851851851851852 0.83125 0.7101851851851851 0.8348958333333333 0.7203703703703703 0.8505208333333333 0.7203703703703703 0.8572916666666667 0.7148148148148148 0.8567708333333334 0.7055555555555556 0.8541666666666666 0.7027777777777777 0.8557291666666667 0.6990740740740741 0.8541666666666666 0.6953703703703704 0.8588541666666667 0.6888888888888889 0.8567708333333334 0.6824074074074075 0.8604166666666667 0.6787037037037037 0.8604166666666667 0.6342592592592593 0.8557291666666667 0.6259259259259259 0.8583333333333333 0.6194444444444445 0.8458333333333333 0.612037037037037
0 0.19947916666666668 0.575 0.19583333333333333 0.575 0.19375 0.5787037037037037 0.19479166666666667 0.5962962962962963 0.19635416666666666 0.5981481481481481 0.1890625 0.6055555555555555 0.17291666666666666 0.6111111111111112 0.1609375 0.6064814814814815 0.15833333333333333 0.6101851851851852 0.1578125 0.6185185185185185 0.1515625 0.625 0.14947916666666666 0.6314814814814815 0.15052083333333333 0.637962962962963 0.15572916666666667 0.6407407407407407 0.1546875 0.6472222222222223 0.15052083333333333 0.6546296296296297 0.14114583333333333 0.6564814814814814 0.1390625 0.6601851851851852 0.1390625 0.6648148148148149 0.14479166666666668 0.6675925925925926 0.15260416666666668 0.6611111111111111 0.16458333333333333 0.6611111111111111 0.16927083333333334 0.6546296296296297 0.17447916666666666 0.6527777777777778 0.17864583333333334 0.6555555555555556 0.18489583333333334 0.6509259259259259 0.19270833333333334 0.6518518518518519 0.19427083333333334 0.6555555555555556 0.19427083333333334 0.6648148148148149 0.19375 0.6712962962962963 0.19010416666666666 0.6777777777777778 0.19010416666666666 0.687962962962963 0.1984375 0.6898148148148148 0.20729166666666668 0.6851851851851852 0.20989583333333334 0.6777777777777778 0.20885416666666667 0.6712962962962963 0.20520833333333333 0.6648148148148149 0.20364583333333333 0.6222222222222222 0.21041666666666667 0.6074074074074074 0.2125 0.5944444444444444 0.21145833333333333 0.5814814814814815 0.203125 0.575
0 0.815625 0.4981481481481482 0.8119791666666667 0.5009259259259259 0.80625 0.5120370370370371 0.8052083333333333 0.5212962962962963 0.8072916666666666 0.5287037037037037 0.8026041666666667 0.5351851851851852 0.8 0.5444444444444444 0.7973958333333333 0.549074074074074 0.7848958333333333 0.5527777777777778 0.7791666666666667 0.5648148148148148 0.7770833333333333 0.5805555555555556 0.7723958333333333 0.5888888888888889 0.771875 0.5981481481481481 0.7692708333333333 0.6055555555555555 0.7651041666666667 0.6509259259259259 0.778125 0.6537037037037037 0.7770833333333333 0.6648148148148149 0.7791666666666667 0.6675925925925926 0.778125 0.6787037037037037 0.7802083333333333 0.6814814814814815 0.7786458333333334 0.6888888888888889 0.7807291666666667 0.6953703703703704 0.7807291666666667 0.7027777777777777 0.7838541666666666 0.7055555555555556 0.7833333333333333 0.7092592592592593 0.7869791666666667 0.712037037037037 0.8036458333333333 0.7092592592592593 0.8046875 0.7037037037037037 0.8041666666666667 0.6953703703703704 0.8057291666666667 0.6925925925925925 0.8057291666666667 0.6805555555555556 0.8078125 0.6731481481481482 0.8067708333333333 0.6675925925925926 0.8083333333333333 0.6648148148148149 0.8072916666666666 0.6574074074074074 0.8020833333333334 0.6416666666666667 0.8 0.6416666666666667 0.796875 0.6361111111111111 0.7973958333333333 0.6333333333333333 0.7953125 0.6361111111111111 0.7921875 0.6342592592592593 0.7932291666666667 0.6240740740740741 0.796875 0.6259259259259259 0.8036458333333333 0.6194444444444445 0.8010416666666667 0.6148148148148148 0.7932291666666667 0.6138888888888889 0.7916666666666666 0.5981481481481481 0.7921875 0.5907407407407408 0.7942708333333334 0.5879629629629629 0.7927083333333333 0.5861111111111111 0.7932291666666667 0.5833333333333334 0.796875 0.5851851851851851 0.8046875 0.5814814814814815 0.8046875 0.562962962962963 0.8020833333333334 0.5564814814814815 0.8052083333333333 0.5527777777777778 0.8052083333333333 0.5425925925925926 0.8072916666666666 0.5398148148148149 0.8177083333333334 0.5398148148148149 0.8197916666666667 0.5268518518518519 0.828125 0.5259259259259259 0.828125 0.5185185185185185 0.8260416666666667 0.5157407407407407 0.8265625 0.5101851851851852 0.8223958333333333 0.5018518518518519 0.8177083333333334 0.4981481481481482
0 0.690625 0.5638888888888889 0.6838541666666667 0.5675925925925925 0.68125 0.5768518518518518 0.6802083333333333 0.5944444444444444 0.6640625 0.612037037037037 0.659375 0.6361111111111111 0.6609375 0.6481481481481481 0.6588541666666666 0.6546296296296297 0.6614583333333334 0.6666666666666666 0.665625 0.675 0.6744791666666666 0.6814814814814815 0.6791666666666667 0.6898148148148148 0.6901041666666666 0.6888888888888889 0.703125 0.6935185185185185 0.709375 0.7055555555555556 0.7338541666666667 0.7027777777777777 0.7359375 0.6925925925925925 0.7291666666666666 0.6583333333333333 0.7213541666666666 0.6481481481481481 0.7166666666666667 0.6277777777777778 0.7098958333333333 0.6268518518518519 0.7057291666666666 0.6222222222222222 0.70625 0.6194444444444445 0.703125 0.6194444444444445 0.7005208333333334 0.6138888888888889 0.6958333333333333 0.5953703703703703 0.6963541666666667 0.5722222222222222 0.6921875 0.5638888888888889
0 0.4421875 0.6527777777777778 0.4328125 0.6620370370370371 0.42604166666666665 0.6814814814814815 0.4203125 0.6888888888888889 0.415625 0.7092592592592593 0.4166666666666667 0.7166666666666667 0.41770833333333335 0.7194444444444444 0.428125 0.7194444444444444 0.4296875 0.7166666666666667 0.428125 0.7129629629629629 0.43072916666666666 0.7064814814814815 0.4348958333333333 0.7037037037037037 0.4390625 0.7064814814814815 0.4390625 0.7018518518518518 0.4427083333333333 0.7027777777777777 0.440625 0.700925925925926 0.44114583333333335 0.6981481481481482 0.44583333333333336 0.6953703703703704 0.4505208333333333 0.6990740740740741 0.4484375 0.7027777777777777 0.4510416666666667 0.7055555555555556 0.44479166666666664 0.7092592592592593 0.4421875 0.7212962962962963 0.434375 0.7231481481481481 0.4359375 0.7268518518518519 0.43333333333333335 0.7296296296296296 0.434375 0.7361111111111112 0.42864583333333334 0.75 0.41822916666666665 0.7537037037037037 0.4161458333333333 0.7509259259259259 0.4041666666666667 0.7490740740740741 0.39479166666666665 0.7509259259259259 0.4015625 0.7685185185185185 0.40208333333333335 0.7870370370370371 0.4046875 0.8027777777777778 0.40729166666666666 0.8064814814814815 0.4109375 0.8064814814814815 0.415625 0.8166666666666667 0.415625 0.8240740740740741 0.41354166666666664 0.8305555555555556 0.40572916666666664 0.8416666666666667 0.40572916666666664 0.8518518518518519 0.40260416666666665 0.8666666666666667 0.403125 0.875 0.4109375 0.8824074074074074 0.42864583333333334 0.887962962962963 0.44375 0.8870370370370371 0.45625 0.8814814814814815 0.459375 0.8768518518518519 0.459375 0.8694444444444445 0.4552083333333333 0.8648148148148148 0.4421875 0.8601851851851852 0.4322916666666667 0.8601851851851852 0.42916666666666664 0.85 0.43125 0.8444444444444444 0.4375 0.8435185185185186 0.4390625 0.8407407407407408 0.4432291666666667 0.8416666666666667 0.44166666666666665 0.8379629629629629 0.4432291666666667 0.8351851851851851 0.44166666666666665 0.8314814814814815 0.4427083333333333 0.8268518518518518 0.44114583333333335 0.8240740740740741 0.4427083333333333 0.8203703703703704 0.440625 0.8175925925925925 0.446875 0.8083333333333333 0.45416666666666666 0.8064814814814815 0.45625 0.8 0.4515625 0.7861111111111111 0.45416666666666666 0.7842592592592592 0.45416666666666666 0.7796296296296297 0.44635416666666666 0.7768518518518519 0.44479166666666664 0.7731481481481481 0.4453125 0.7435185185185185 0.4479166666666667 0.7379629629629629 0.45677083333333335 0.7324074074074074 0.4583333333333333 0.7444444444444445 0.46145833333333336 0.7462962962962963 0.4625 0.7518518518518519 0.4666666666666667 0.7555555555555555 0.46510416666666665 0.7509259259259259 0.47708333333333336 0.737037037037037 0.4765625 0.7296296296296296 0.4703125 0.7203703703703703 0.4713541666666667 0.7157407407407408 0.46927083333333336 0.7129629629629629 0.47239583333333335 0.7064814814814815 0.4708333333333333 0.6824074074074075 0.4661458333333333 0.6787037037037037 0.46458333333333335 0.6675925925925926 0.4578125 0.6657407407407407 0.45729166666666665 0.6611111111111111 0.453125 0.6564814814814814 0.446875 0.6592592592592592 0.4432291666666667 0.6527777777777778