0 0.9 0.987037037037037 0.8963541666666667 0.9898148148148148 0.9 0.9916666666666667
0 0.7057291666666666 0.9851851851851852 0.7020833333333333 0.9898148148148148 0.7083333333333334 0.9898148148148148
0 0.96953125 0.9800925925925926 0.0005208333333333333 0.000925925925925926
0 0.9755208333333333 0.9712962962962963 0.975 0.9740740740740741 0.9765625 0.975
0 0.9734375 0.9685185185185186 0.9723958333333333 0.9694444444444444 0.9744791666666667 0.9694444444444444
0 0.9619791666666667 0.9648148148148148 0.9604166666666667 0.9666666666666667 0.9661458333333334 0.9777777777777777 0.9703125 0.975 0.9703125 0.9712962962962963 0.9682291666666667 0.9703703703703703 0.9682291666666667 0.9648148148148148 0.9671875 0.9638888888888889 0.9661458333333334 0.9694444444444444
0 0.9692708333333333 0.9597222222222223 0.0010416666666666667 0.000925925925925926
0 0.9859375 0.8777777777777778 0.9828125 0.8777777777777778 0.9828125 0.8814814814814815 0.9869791666666666 0.8805555555555555
0 0.9802083333333333 0.8648148148148148 0.9760416666666667 0.8685185185185185 0.9807291666666667 0.8685185185185185
0 0.9677083333333333 0.8638888888888889 0.9677083333333333 0.8685185185185185 0.9744791666666667 0.8666666666666667 0.9729166666666667 0.8638888888888889
0 0.6317708333333333 0.6129629629629629 0.6317708333333333 0.6222222222222222 0.6375 0.6296296296296297 0.6364583333333333 0.6333333333333333 0.6427083333333333 0.6518518518518519 0.6432291666666666 0.6805555555555556 0.6369791666666667 0.6962962962962963 0.6385416666666667 0.7027777777777777 0.6505208333333333 0.7166666666666667 0.6645833333333333 0.7185185185185186 0.6682291666666667 0.7074074074074074 0.6802083333333333 0.7101851851851851 0.6828125 0.7277777777777777 0.6880208333333333 0.7416666666666667 0.70625 0.7555555555555555 0.709375 0.7481481481481481 0.7208333333333333 0.7472222222222222 0.7291666666666666 0.7425925925925926 0.7338541666666667 0.7453703703703703 0.7328125 0.7407407407407407 0.7380208333333333 0.7324074074074074 0.7447916666666666 0.7287037037037037 0.7619791666666667 0.7351851851851852 0.7651041666666667 0.7481481481481481 0.7875 0.75 0.790625 0.7527777777777778 0.7927083333333333 0.7611111111111111 0.8038541666666668 0.762962962962963 0.8036458333333333 0.7861111111111111 0.8010416666666667 0.7898148148148149 0.7838541666666666 0.7888888888888889 0.7765625 0.7787037037037037 0.7619791666666667 0.7777777777777778 0.7609375 0.7805555555555556 0.7625 0.7870370370370371 0.7604166666666666 0.7898148148148149 0.7276041666666667 0.8064814814814815 0.7234375 0.8138888888888889 0.7203125 0.8268518518518518 0.7223958333333333 0.8305555555555556 0.7265625 0.8305555555555556 0.7307291666666667 0.8287037037037037 0.7479166666666667 0.8083333333333333 0.7572916666666667 0.8046296296296296 0.76875 0.7935185185185185 0.7713541666666667 0.7962962962962963 0.7755208333333333 0.7935185185185185 0.7864583333333334 0.7944444444444444 0.7916666666666666 0.8 0.8026041666666667 0.8046296296296296 0.8322916666666667 0.8027777777777778 0.8526041666666667 0.8055555555555556 0.8625 0.8018518518518518 0.8744791666666667 0.7888888888888889 0.8838541666666667 0.7842592592592592 0.8942708333333333 0.774074074074074 0.9041666666666667 0.7722222222222223 0.9130208333333333 0.7648148148148148 0.9223958333333333 0.7620370370370371 0.9265625 0.7472222222222222 0.9348958333333334 0.7398148148148148 0.953125 0.7407407407407407 0.9557291666666666 0.737037037037037 0.95625 0.7268518518518519 0.9583333333333334 0.7231481481481481 0.95625 0.7083333333333334 0.9625 0.7046296296296296 0.971875 0.7046296296296296 0.9760416666666667 0.6962962962962963 0.9807291666666667 0.6925925925925925 0.9791666666666666 0.6814814814814815 0.9901041666666667 0.6675925925925926 0.9859375 0.65 0.9963541666666667 0.6231481481481481 0.9994791666666667 0.6203703703703703 0.9994791666666667 0.6 0.9859375 0.5777777777777777 0.975 0.5722222222222222 0.9723958333333333 0.5675925925925925 0.9708333333333333 0.55 0.9666666666666667 0.5509259259259259 0.9630208333333333 0.5462962962962963 0.9635416666666666 0.5425925925925926 0.9588541666666667 0.5435185185185185 0.9572916666666667 0.5546296296296296 0.9432291666666667 0.5564814814814815 0.9427083333333334 0.5666666666666667 0.9375 0.5685185185185185 0.9177083333333333 0.5675925925925925 0.9151041666666667 0.5425925925925926 0.9072916666666667 0.5425925925925926 0.9052083333333333 0.5453703703703704 0.9005208333333333 0.5425925925925926 0.8958333333333334 0.5509259259259259 0.8875 0.5564814814814815 0.8755208333333333 0.575 0.8713541666666667 0.5861111111111111 0.8604166666666667 0.5981481481481481 0.8557291666666667 0.6351851851851852 0.8453125 0.6305555555555555 0.8239583333333333 0.612037037037037 0.815625 0.612037037037037 0.8140625 0.6148148148148148 0.8145833333333333 0.6370370370370371 0.8072916666666666 0.6462962962962963 0.8052083333333333 0.6527777777777778 0.809375 0.6814814814814815 0.8052083333333333 0.7 0.8036458333333333 0.7 0.8036458333333333 0.6962962962962963 0.803125 0.6990740740740741 0.7927083333333333 0.6944444444444444 0.7901041666666667 0.6861111111111111 0.7770833333333333 0.6694444444444444 0.7651041666666667 0.662962962962963 0.7598958333333333 0.6546296296296297 0.7572916666666667 0.6435185185185185 0.74375 0.6342592592592593 0.7291666666666666 0.6185185185185185 0.7067708333333333 0.6074074074074074 0.6927083333333334 0.6055555555555555 0.6838541666666667 0.6157407407407407 0.6817708333333333 0.6231481481481481 0.6708333333333333 0.625 0.6630208333333333 0.6138888888888889 0.6536458333333334 0.612037037037037 0.640625 0.6018518518518519
0 0.9828125 0.7805555555555556 0.9828125 0.7851851851851852 0.9875 0.7824074074074074
0 0.9604166666666667 0.7731481481481481 0.9588541666666667 0.7759259259259259 0.9671875 0.7824074074074074 0.9666666666666667 0.7759259259259259
0 0.9979166666666667 0.25092592592592594 0.9963541666666667 0.2574074074074074 0.9994791666666667 0.2574074074074074 0.9994791666666667 0.25092592592592594
0 0.98359375 0.2518518518518518 0.0015625 0.001851851851851852
0 0.9760416666666667 0.20092592592592592 0.9770833333333333 0.20555555555555555 0.9786458333333333 0.20277777777777778 0.9802083333333333 0.2074074074074074 0.9828125 0.20462962962962963 0.9854166666666667 0.2064814814814815 0.9859375 0.2101851851851852 0.9942708333333333 0.21203703703703702 0.9911458333333333 0.2074074074074074 0.9885416666666667 0.2074074074074074 0.9875 0.20277777777777778 0.9859375 0.20555555555555555 0.9848958333333333 0.20277777777777778
0 0.9479166666666666 0.13240740740740742 0.9442708333333333 0.13333333333333333 0.9458333333333333 0.13703703703703704
0 0.8796875 0.1 0.8776041666666666 0.10185185185185185 0.9119791666666667 0.15 0.9317708333333333 0.1685185185185185 0.9380208333333333 0.1712962962962963 0.9421875 0.1685185185185185 0.934375 0.15092592592592594 0.9364583333333333 0.1398148148148148 0.9317708333333333 0.1361111111111111 0.9322916666666666 0.1287037037037037 0.9286458333333333 0.12407407407407407 0.93125 0.11574074074074074 0.9286458333333333 0.10462962962962963 0.9171875 0.11296296296296296 0.9145833333333333 0.11018518518518519 0.9145833333333333 0.10648148148148148 0.9192708333333334 0.10185185185185185 0.9145833333333333 0.09814814814814815 0.9140625 0.11203703703703703 0.9072916666666667 0.1175925925925926 0.9005208333333333 0.11666666666666667
0 0.2864583333333333 0.8472222222222222 0.28541666666666665 0.8657407407407407 0.2875 0.8777777777777778 0.2875 0.9287037037037037 0.2953125 0.9407407407407408 0.29635416666666664 0.9527777777777777 0.3072916666666667 0.9527777777777777 0.3177083333333333 0.9388888888888889 0.3177083333333333 0.924074074074074 0.30833333333333335 0.9277777777777778 0.30416666666666664 0.924074074074074 0.29635416666666664 0.9259259259259259 0.2942708333333333 0.9092592592592592 0.29583333333333334 0.8527777777777777 0.29270833333333335 0.8462962962962963
0 0.9427083333333334 0.1050925925925926 0.0010416666666666667 0.000925925925925926
0 0.59453125 0.000462962962962963 0.0015625 0.000925925925925926
0 0.0984375 0.9629629629629629 0.096875 0.9666666666666667 0.09791666666666667 0.9731481481481481 0.10208333333333333 0.9833333333333333 0.12916666666666668 0.975 0.13697916666666668 0.9796296296296296 0.15104166666666666 0.9814814814814815 0.15833333333333333 0.9731481481481481 0.1578125 0.9694444444444444 0.15416666666666667 0.9675925925925926 0.15052083333333333 0.9564814814814815 0.13072916666666667 0.9472222222222222 0.1203125 0.9490740740740741 0.11666666666666667 0.9527777777777777 0.11041666666666666 0.9518518518518518
0 0.3223958333333333 0.5722222222222222 0.321875 0.5814814814814815 0.32447916666666665 0.5861111111111111 0.33177083333333335 0.587037037037037 0.33125 0.5916666666666667 0.3333333333333333 0.5962962962962963 0.3453125 0.5990740740740741 0.3484375 0.6203703703703703 0.35208333333333336 0.625 0.36041666666666666 0.6203703703703703 0.36354166666666665 0.600925925925926 0.37083333333333335 0.5824074074074074 0.3692708333333333 0.5740740740740741 0.36302083333333335 0.5666666666666667 0.34791666666666665 0.5685185185185185 0.33489583333333334 0.5592592592592592
0 0.21354166666666666 0.43425925925925923 0.21302083333333333 0.4425925925925926 0.21875 0.44537037037037036 0.2390625 0.44537037037037036 0.23958333333333334 0.44166666666666665 0.24270833333333333 0.4425925925925926 0.2421875 0.44537037037037036 0.2453125 0.4444444444444444 0.2520833333333333 0.4537037037037037 0.2526041666666667 0.45925925925925926 0.25677083333333334 0.46574074074074073 0.2869791666666667 0.4777777777777778 0.296875 0.49444444444444446 0.2994791666666667 0.5120370370370371 0.30364583333333334 0.5148148148148148 0.3140625 0.5111111111111111 0.30520833333333336 0.49444444444444446 0.296875 0.4703703703703704 0.2875 0.46111111111111114 0.2838541666666667 0.45185185185185184 0.28072916666666664 0.44907407407407407 0.2682291666666667 0.45 0.25885416666666666 0.44537037037037036 0.2515625 0.44722222222222224 0.23854166666666668 0.4388888888888889 0.23541666666666666 0.41388888888888886 0.228125 0.4148148148148148
0 0.5932291666666667 0.9212962962962963 0.5921875 0.925 0.5953125 0.9277777777777778 0.6078125 0.9259259259259259 0.6192708333333333 0.9185185185185185 0.6291666666666667 0.9055555555555556 0.6645833333333333 0.9 0.671875 0.8888888888888888 0.6890625 0.8898148148148148 0.7015625 0.8833333333333333 0.7140625 0.8657407407407407 0.7145833333333333 0.8583333333333333 0.7125 0.8537037037037037 0.7192708333333333 0.8342592592592593 0.7078125 0.8342592592592593 0.70625 0.8435185185185186 0.6869791666666667 0.8694444444444445 0.6713541666666667 0.8703703703703703 0.6645833333333333 0.8787037037037037 0.6619791666666667 0.8759259259259259 0.6505208333333333 0.8777777777777778 0.646875 0.8842592592592593 0.640625 0.887962962962963 0.6223958333333334 0.8925925925925926 0.6026041666666667 0.9074074074074074
0 0.03802083333333333 0.7972222222222223 0.034895833333333334 0.8027777777777778 0.036458333333333336 0.8083333333333333 0.051041666666666666 0.8138888888888889 0.04895833333333333 0.8231481481481482 0.050520833333333334 0.8277777777777777 0.04739583333333333 0.8342592592592593 0.04895833333333333 0.85 0.059375 0.8564814814814815 0.075 0.8564814814814815 0.078125 0.8537037037037037 0.08177083333333333 0.8592592592592593 0.08072916666666667 0.8629629629629629 0.08229166666666667 0.8666666666666667 0.08072916666666667 0.8694444444444445 0.08333333333333333 0.8731481481481481 0.08125 0.8768518518518519 0.08385416666666666 0.8824074074074074 0.08802083333333334 0.8833333333333333 0.09322916666666667 0.8796296296296297 0.09322916666666667 0.8740740740740741 0.09010416666666667 0.8694444444444445 0.09270833333333334 0.8574074074074074 0.08802083333333334 0.8481481481481481 0.08802083333333334 0.8314814814814815 0.08385416666666666 0.8064814814814815 0.07916666666666666 0.7962962962962963 0.0703125 0.7944444444444444 0.06145833333333333 0.7805555555555556 0.05625 0.7796296296296297 0.05364583333333333 0.7861111111111111 0.05416666666666667 0.7898148148148149 0.0484375 0.8
0 0.5197916666666667 0.6425925925925926 0.5192708333333333 0.6518518518518519 0.5208333333333334 0.6546296296296297 0.5322916666666667 0.6675925925925926 0.5359375 0.6657407407407407 0.5395833333333333 0.6685185185185185 0.5427083333333333 0.6472222222222223 0.5458333333333333 0.6416666666666667 0.55 0.6416666666666667 0.5536458333333333 0.6444444444444445 0.5588541666666667 0.6620370370370371 0.5671875 0.6657407407407407 0.5697916666666667 0.6759259259259259 0.58125 0.6824074074074075 0.5848958333333333 0.6907407407407408 0.5947916666666667 0.6944444444444444 0.5989583333333334 0.7 0.6078125 0.6935185185185185 0.5942708333333333 0.6685185185185185 0.5921875 0.6574074074074074 0.5838541666666667 0.6361111111111111 0.5838541666666667 0.6287037037037037 0.5807291666666666 0.6194444444444445 0.5671875 0.6037037037037037 0.5598958333333334 0.6055555555555555 0.55 0.6259259259259259 0.5432291666666667 0.6296296296296297 0.5276041666666667 0.6296296296296297 0.5223958333333333 0.6351851851851852
0 0.11614583333333334 0.3490740740740741 0.11666666666666667 0.36666666666666664 0.12760416666666666 0.37222222222222223 0.12916666666666668 0.3768518518518518 0.14739583333333334 0.38981481481481484 0.16875 0.3925925925925926 0.18229166666666666 0.412962962962963 0.19270833333333334 0.4185185185185185 0.19583333333333333 0.425 0.203125 0.4148148148148148 0.20104166666666667 0.4111111111111111 0.20833333333333334 0.4009259259259259 0.20625 0.39537037037037037 0.19739583333333333 0.39166666666666666 0.190625 0.3712962962962963 0.18125 0.37407407407407406 0.1765625 0.36944444444444446 0.17395833333333333 0.362962962962963 0.17552083333333332 0.35833333333333334 0.16510416666666666 0.3425925925925926 0.15729166666666666 0.3425925925925926 0.1515625 0.3388888888888889 0.14166666666666666 0.3425925925925926 0.1375 0.3277777777777778 0.12552083333333333 0.32592592592592595 0.11927083333333334 0.3314814814814815
0 0.16302083333333334 0.7018518518518518 0.16354166666666667 0.7092592592592593 0.16822916666666668 0.7194444444444444 0.165625 0.7453703703703703 0.16979166666666667 0.7620370370370371 0.16979166666666667 0.7675925925925926 0.16197916666666667 0.7833333333333333 0.16197916666666667 0.7925925925925926 0.16614583333333333 0.8037037037037037 0.16458333333333333 0.8064814814814815 0.16614583333333333 0.8416666666666667 0.16979166666666667 0.8648148148148148 0.18229166666666666 0.9 0.18229166666666666 0.9111111111111111 0.184375 0.9138888888888889 0.17916666666666667 0.937037037037037 0.1796875 0.9555555555555556 0.18229166666666666 0.9611111111111111 0.19010416666666666 0.9601851851851851 0.196875 0.9537037037037037 0.20625 0.9361111111111111 0.21354166666666666 0.9314814814814815 0.21510416666666668 0.9287037037037037 0.21458333333333332 0.9194444444444444 0.20572916666666666 0.9046296296296297 0.203125 0.8731481481481481 0.19947916666666668 0.8657407407407407 0.19791666666666666 0.850925925925926 0.1875 0.8416666666666667 0.18333333333333332 0.8231481481481482 0.1796875 0.8203703703703704 0.17864583333333334 0.8138888888888889 0.17708333333333334 0.8148148148148148 0.1734375 0.8064814814814815 0.17291666666666666 0.8 0.17552083333333332 0.7962962962962963 0.17447916666666666 0.7861111111111111 0.17916666666666667 0.7796296296296297 0.178125 0.7759259259259259 0.18125 0.7712962962962963 0.17395833333333333 0.7601851851851852 0.17708333333333334 0.7296296296296296 0.17291666666666666 0.7175925925925926 0.17291666666666666 0.7092592592592593 0.16875 0.6990740740740741
0 0.0036458333333333334 0.5981481481481481 0.003125 0.6027777777777777 0 0.6018518518518519 0 0.6759259259259259 0.008333333333333333 0.675 0.009895833333333333 0.6787037037037037 0.0078125 0.6842592592592592 0.010416666666666666 0.6888888888888889 0.008854166666666666 0.6962962962962963 0.004166666666666667 0.6953703703703704 0.009895833333333333 0.7027777777777777 0.010416666666666666 0.7185185185185186 0.014583333333333334 0.7305555555555555 0.023958333333333335 0.7444444444444445 0.022916666666666665 0.7509259259259259 0.020833333333333332 0.7518518518518519 0.021354166666666667 0.7555555555555555 0.023958333333333335 0.7564814814814815 0.023958333333333335 0.7620370370370371 0.03333333333333333 0.7620370370370371 0.034375 0.7592592592592593 0.036458333333333336 0.7620370370370371 0.0375 0.7481481481481481 0.03229166666666667 0.7407407407407407 0.034375 0.7333333333333333 0.03177083333333333 0.725925925925926 0.03697916666666667 0.7148148148148148 0.035416666666666666 0.7092592592592593 0.040625 0.7037037037037037 0.03854166666666667 0.6962962962962963 0.042708333333333334 0.6935185185185185 0.04375 0.687962962962963 0.04375 0.6824074074074075 0.03802083333333333 0.6685185185185185 0.03958333333333333 0.6611111111111111 0.0375 0.6592592592592592 0.0375 0.649074074074074 0.034375 0.6472222222222223 0.041666666666666664 0.6370370370370371 0.03958333333333333 0.6074074074074074 0.033854166666666664 0.6074074074074074 0.025 0.5972222222222222 0.021354166666666667 0.600925925925926 0.021875 0.6074074074074074 0.015625 0.6157407407407407 0.013020833333333334 0.612037037037037 0.0125 0.5962962962962963
0 0.10729166666666666 0.5148148148148148 0.1078125 0.5231481481481481 0.11302083333333333 0.5398148148148149 0.1109375 0.5481481481481482 0.11302083333333333 0.5574074074074075 0.11197916666666667 0.5638888888888889 0.11666666666666667 0.5740740740740741 0.109375 0.5851851851851851 0.09375 0.5935185185185186 0.08177083333333333 0.6240740740740741 0.0765625 0.6222222222222222 0.07395833333333333 0.625 0.07708333333333334 0.6314814814814815 0.07552083333333333 0.6370370370370371 0.078125 0.6342592592592593 0.07890625 0.6370370370370371 0.0890625 0.6388888888888888 0.10989583333333333 0.6388888888888888 0.11197916666666667 0.6361111111111111 0.1171875 0.6388888888888888 0.1234375 0.6361111111111111 0.125 0.6435185185185185 0.1234375 0.6472222222222223 0.12604166666666666 0.6509259259259259 0.13125 0.65 0.13072916666666667 0.6472222222222223 0.134375 0.6444444444444445 0.1359375 0.65 0.14739583333333334 0.6527777777777778 0.15364583333333334 0.6592592592592592 0.16041666666666668 0.6564814814814814 0.16822916666666668 0.6481481481481481 0.1703125 0.6351851851851852 0.165625 0.6203703703703703 0.1609375 0.5944444444444444 0.15520833333333334 0.587037037037037 0.14791666666666667 0.5925925925925926 0.1421875 0.5925925925925926 0.13333333333333333 0.5861111111111111 0.13229166666666667 0.5842592592592593 0.134375 0.5814814814814815 0.128125 0.5740740740740741 0.1328125 0.5675925925925925 0.13177083333333334 0.5638888888888889 0.13489583333333333 0.5611111111111111 0.1328125 0.5564814814814815 0.13489583333333333 0.5537037037037037 0.12552083333333333 0.5398148148148149 0.1265625 0.5305555555555556 0.12395833333333334 0.5259259259259259 0.12395833333333334 0.5148148148148148