0 0.6192708333333333 0.33240740740740743 0.6088541666666667 0.33425925925925926 0.6052083333333333 0.3388888888888889 0.6052083333333333 0.3453703703703704 0.6078125 0.34814814814814815 0.6203125 0.3453703703703704 0.6213541666666667 0.3351851851851852 0.6197916666666666 0.33240740740740743
0 0.615625 0.38333333333333336 0.6140625 0.3861111111111111 0.6140625 0.39444444444444443 0.6161458333333333 0.4074074074074074 0.61875 0.4148148148148148 0.6229166666666667 0.41574074074074074 0.6244791666666667 0.4101851851851852 0.6229166666666667 0.3972222222222222 0.6161458333333333 0.38333333333333336
0 0.5083333333333333 0.725925925925926 0.5046875 0.7287037037037037 0.5026041666666666 0.7342592592592593 0.5010416666666667 0.7509259259259259 0.4973958333333333 0.7583333333333333 0.4979166666666667 0.7666666666666667 0.5015625 0.7620370370370371 0.5026041666666666 0.7546296296296297 0.509375 0.7453703703703703 0.5119791666666667 0.7287037037037037 0.5088541666666667 0.725925925925926
0 0.36276041666666664 0.5092592592592593 0.359375 0.5092592592592593 0.353125 0.5185185185185185 0.35572916666666665 0.5259259259259259 0.3697916666666667 0.5259259259259259 0.37135416666666665 0.5157407407407407 0.36614583333333334 0.5092592592592593
0 0.0640625 0.975925925925926 0.059895833333333336 0.9787037037037037 0.05677083333333333 0.9888888888888889 0.05364583333333333 0.9879629629629629 0.05 0.9944444444444445 0.0421875 0.9944444444444445 0.044270833333333336 0.9990740740740741 0.0671875 0.9990740740740741 0.06770833333333333 0.9944444444444445 0.06875 0.9990740740740741 0.07552083333333333 0.9990740740740741 0.07239583333333334 0.9972222222222222 0.07083333333333333 0.9925925925925926 0.0671875 0.9935185185185185 0.06666666666666667 0.9796296296296296 0.06458333333333334 0.9768518518518519
0 0.6057291666666667 0.3509259259259259 0.6067708333333334 0.35555555555555557 0.6041666666666666 0.36018518518518516 0.6041666666666666 0.36944444444444446 0.5989583333333334 0.38333333333333336 0.5921875 0.37592592592592594 0.5875 0.375 0.5838541666666667 0.37962962962962965 0.584375 0.3851851851851852 0.5947916666666667 0.3962962962962963 0.5984375 0.39351851851851855 0.5989583333333334 0.38796296296296295 0.6114583333333333 0.3851851851851852 0.6140625 0.37777777777777777 0.6166666666666667 0.37592592592592594 0.6125 0.37592592592592594 0.6088541666666667 0.3592592592592593 0.609375 0.35462962962962963 0.6067708333333334 0.3527777777777778
0 0.5041666666666667 0.9574074074074074 0.5010416666666667 0.962037037037037 0.5005208333333333 0.9685185185185186 0.496875 0.9731481481481481 0.4947916666666667 0.9833333333333333 0.4953125 0.9990740740740741 0.5078125 0.9990740740740741 0.5067708333333333 0.987037037037037 0.5119791666666667 0.9814814814814815 0.5098958333333333 0.975925925925926 0.5119791666666667 0.9740740740740741 0.5109375 0.9703703703703703 0.5130208333333334 0.9657407407407408 0.5067708333333333 0.9574074074074074
0 0.09166666666666666 0.8518518518518519 0.0875 0.8564814814814815 0.08802083333333334 0.8648148148148148 0.0765625 0.8796296296296297 0.07291666666666667 0.8935185185185185 0.0734375 0.9037037037037037 0.0703125 0.9138888888888889 0.06927083333333334 0.925 0.071875 0.9259259259259259 0.07760416666666667 0.9212962962962963 0.078125 0.9120370370370371 0.08385416666666666 0.8898148148148148 0.09010416666666667 0.8796296296296297 0.08958333333333333 0.875 0.0953125 0.8703703703703703 0.09322916666666667 0.8546296296296296
0 0.5458333333333333 0.9444444444444444 0.5416666666666666 0.9564814814814815 0.5385416666666667 0.9601851851851851 0.540625 0.9629629629629629 0.5380208333333333 0.9648148148148148 0.5333333333333333 0.9787037037037037 0.5333333333333333 0.9990740740740741 0.5609375 0.9990740740740741 0.5604166666666667 0.9898148148148148 0.5552083333333333 0.9842592592592593 0.5546875 0.975 0.5505208333333333 0.9666666666666667 0.5515625 0.9537037037037037 0.5479166666666667 0.9444444444444444
0 0.621875 0.8064814814814815 0.6135416666666667 0.8166666666666667 0.6109375 0.8231481481481482 0.6114583333333333 0.8324074074074074 0.6145833333333334 0.8379629629629629 0.6130208333333333 0.8444444444444444 0.6140625 0.8490740740740741 0.6067708333333334 0.8537037037037037 0.6026041666666667 0.862037037037037 0.6026041666666667 0.8666666666666667 0.5973958333333333 0.875 0.5880208333333333 0.8796296296296297 0.58125 0.8981481481481481 0.56875 0.8953703703703704 0.5609375 0.9 0.5583333333333333 0.9111111111111111 0.559375 0.9287037037037037 0.5744791666666667 0.9314814814814815 0.578125 0.9287037037037037 0.5838541666666667 0.9157407407407407 0.6020833333333333 0.9083333333333333 0.6135416666666667 0.8925925925925926 0.6239583333333333 0.8675925925925926 0.6239583333333333 0.8398148148148148 0.6265625 0.8240740740740741 0.6255208333333333 0.812037037037037 0.6234375 0.8064814814814815
0 0.5903645833333333 0.4361111111111111 0.58125 0.4388888888888889 0.5802083333333333 0.44351851851851853 0.5708333333333333 0.44907407407407407 0.5692708333333333 0.4583333333333333 0.5708333333333333 0.4638888888888889 0.5828125 0.4703703703703704 0.5864583333333333 0.47685185185185186 0.5880208333333333 0.4925925925925926 0.590625 0.4935185185185185 0.5916666666666667 0.4981481481481482 0.6015625 0.4981481481481482 0.6052083333333333 0.5009259259259259 0.6052083333333333 0.5222222222222223 0.6020833333333333 0.5287037037037037 0.603125 0.5324074074074074 0.5953125 0.5444444444444444 0.59375 0.5527777777777778 0.584375 0.5675925925925925 0.5911458333333334 0.575925925925926 0.5953125 0.5722222222222222 0.5973958333333333 0.575925925925926 0.6 0.575925925925926 0.6020833333333333 0.5722222222222222 0.6067708333333334 0.575 0.6140625 0.5888888888888889 0.6229166666666667 0.6194444444444445 0.6276041666666666 0.6064814814814815 0.628125 0.5925925925925926 0.6255208333333333 0.5768518518518518 0.61875 0.5648148148148148 0.6161458333333333 0.549074074074074 0.6130208333333333 0.5425925925925926 0.6140625 0.5333333333333333 0.6182291666666667 0.524074074074074 0.6171875 0.5074074074074074 0.6161458333333333 0.5009259259259259 0.6078125 0.4925925925925926 0.6036458333333333 0.4842592592592593 0.6041666666666666 0.47314814814814815 0.6078125 0.46574074074074073 0.6125 0.46296296296296297 0.6130208333333333 0.45740740740740743 0.6046875 0.44351851851851853 0.59375 0.4361111111111111