0 0.8278688524590164 0.8229166666666666 0.8290398126463701 0.84375 0.84192037470726 0.84375 0.8384074941451991 0.83125 0.8278688524590164 0.8229166666666666
0 0.8817330210772834 0.8166666666666667 0.8688524590163934 0.8229166666666666 0.8676814988290398 0.8166666666666667 0.8536299765807962 0.8166666666666667 0.8618266978922716 0.83125 0.8817330210772834 0.8166666666666667
0 0.9063231850117096 0.8354166666666667 0.9039812646370023 0.85 0.927400468384075 0.85 0.9414519906323185 0.8416666666666667 0.9590163934426229 0.84375 0.9648711943793911 0.8541666666666666 0.9859484777517564 0.8541666666666666 0.9800936768149883 0.8354166666666667 0.955503512880562 0.8041666666666667 0.9519906323185011 0.8041666666666667 0.9519906323185011 0.8375 0.9455503512880562 0.83125 0.9437939110070258 0.8416666666666667 0.9262295081967213 0.8166666666666667 0.9192037470725996 0.8166666666666667 0.9133489461358314 0.83125 0.9063231850117096 0.8354166666666667
0 0.8992974238875878 0.8020833333333334 0.8946135831381733 0.81875 0.8992974238875878 0.8229166666666666 0.914519906323185 0.8125 0.9133489461358314 0.8041666666666667 0.8992974238875878 0.8020833333333334
0 0.7482435597189696 0.8 0.747072599531616 0.8041666666666667 0.7599531615925058 0.81875 0.765807962529274 0.81875 0.7763466042154566 0.8041666666666667 0.7693208430913349 0.8041666666666667 0.7587822014051522 0.7916666666666666 0.7482435597189696 0.8
0 0.8032786885245902 0.78125 0.8032786885245902 0.8 0.8126463700234192 0.8104166666666667 0.819672131147541 0.8166666666666667 0.8313817330210773 0.8104166666666667 0.8278688524590164 0.7875 0.8032786885245902 0.78125
0 0.4274004683840749 0.6479166666666667 0.4168618266978923 0.6479166666666667 0.42271662763466045 0.6604166666666667 0.4274004683840749 0.6604166666666667 0.4274004683840749 0.6479166666666667
0 0.747072599531616 0.6 0.7447306791569087 0.60625 0.7517564402810304 0.60625 0.7517564402810304 0.6 0.747072599531616 0.6
0 0.5234192037470726 0.6041666666666666 0.5199063231850117 0.60625 0.522248243559719 0.6125 0.5339578454332553 0.6229166666666667 0.5573770491803278 0.6125 0.5585480093676815 0.60625 0.5515222482435597 0.5979166666666667 0.5234192037470726 0.6041666666666666
0 0.3372365339578454 0.58125 0.32903981264637 0.59375 0.3231850117096019 0.5875 0.3231850117096019 0.5979166666666667 0.32786885245901637 0.5979166666666667 0.32903981264637 0.60625 0.3395784543325527 0.6166666666666667 0.3583138173302108 0.6666666666666666 0.37236533957845436 0.6791666666666667 0.3793911007025761 0.6979166666666666 0.38875878220140514 0.7041666666666667 0.41100702576112413 0.7416666666666667 0.44028103044496486 0.75625 0.5128805620608899 0.75625 0.572599531615925 0.7875 0.6569086651053864 0.8 0.6826697892271663 0.8166666666666667 0.7096018735362998 0.81875 0.7224824355971897 0.8125 0.7236533957845434 0.8041666666666667 0.7154566744730679 0.7875 0.7060889929742389 0.7375 0.6943793911007026 0.7375 0.6838407494145199 0.75 0.6779859484777517 0.7416666666666667 0.667447306791569 0.7479166666666667 0.6557377049180327 0.7354166666666667 0.6053864168618267 0.75 0.5772833723653396 0.7208333333333333 0.5690866510538641 0.6895833333333333 0.5679156908665105 0.6625 0.5480093676814989 0.64375 0.4859484777517564 0.6291666666666667 0.47423887587822017 0.6479166666666667 0.477751756440281 0.6583333333333333 0.47423887587822017 0.6791666666666667 0.46252927400468385 0.68125 0.45081967213114754 0.7125 0.4180327868852459 0.70625 0.4098360655737705 0.6791666666666667 0.4016393442622951 0.6708333333333333 0.40046838407494145 0.6375 0.382903981264637 0.6041666666666666 0.37236533957845436 0.6 0.36768149882903983 0.5875 0.3372365339578454 0.58125
0 0.2728337236533958 0.5854166666666667 0.2716627634660422 0.59375 0.2822014051522248 0.6041666666666666 0.3091334894613583 0.6041666666666666 0.31733021077283374 0.5916666666666667 0.31733021077283374 0.5770833333333333 0.3255269320843091 0.5729166666666666 0.3185011709601874 0.5604166666666667 0.29156908665105385 0.5625 0.2892271662763466 0.56875 0.2822014051522248 0.56875 0.2775175644028103 0.5854166666666667 0.2728337236533958 0.5854166666666667
0 0.00234192037470726 0.4791666666666667 0 0.5520833333333334 0.00351288056206089 0.5604166666666667 0.02927400468384075 0.5625 0.05152224824355972 0.58125 0.12295081967213115 0.58125 0.13348946135831383 0.5729166666666666 0.13114754098360656 0.5625 0.09484777517564402 0.56875 0.0702576112412178 0.5479166666666667 0.03981264637002342 0.5416666666666666 0.01990632318501171 0.5104166666666666 0.01522248243559719 0.5104166666666666 0.00819672131147541 0.48541666666666666 0.00234192037470726 0.4791666666666667