0 0.18266978922716628 0.7333333333333333 0.18266978922716628 0.7729166666666667 0.16978922716627634 0.7833333333333333 0.16978922716627634 0.7979166666666667 0.18032786885245902 0.8041666666666667 0.18969555035128804 0.7916666666666666 0.1920374707259953 0.7625 0.18969555035128804 0.7375 0.18384074941451992 0.7291666666666666
0 0.01288056206088993 0.7291666666666666 0 0.7291666666666666 0.00234192037470726 0.7604166666666666 0.01288056206088993 0.7604166666666666 0.02224824355971897 0.75 0.02224824355971897 0.7375
0 0.03864168618266979 0.6958333333333333 0.02927400468384075 0.73125 0.040983606557377046 0.75625 0.05737704918032787 0.7479166666666667 0.06557377049180328 0.7604166666666666 0.06557377049180328 0.78125 0.07611241217798595 0.7791666666666667 0.08665105386416862 0.7604166666666666 0.09718969555035128 0.7625 0.10421545667447307 0.74375 0.11943793911007025 0.75 0.12646370023419204 0.7604166666666666 0.1288056206088993 0.7791666666666667 0.13934426229508196 0.78125 0.1451990632318501 0.775 0.14754098360655737 0.7395833333333334 0.1557377049180328 0.7020833333333333 0.16744730679156908 0.7 0.1791569086651054 0.6854166666666667 0.18266978922716628 0.6875 0.18149882903981265 0.69375 0.1873536299765808 0.69375 0.17798594847775176 0.6604166666666667 0.18149882903981265 0.64375 0.17798594847775176 0.63125 0.1252927400468384 0.63125 0.12177985948477751 0.6375 0.12060889929742388 0.63125 0.10421545667447307 0.6291666666666667 0.09718969555035128 0.6541666666666667 0.06908665105386416 0.6625 0.06088992974238876 0.66875 0.06323185011709602 0.6791666666666667 0.0585480093676815 0.6854166666666667 0.04800936768149883 0.6854166666666667
0 0.20140515222482436 0.6479166666666667 0.1990632318501171 0.6541666666666667 0.20491803278688525 0.6625 0.20725995316159251 0.7104166666666667 0.21428571428571427 0.7229166666666667 0.22014051522248243 0.7229166666666667 0.22833723653395785 0.70625 0.22365339578454332 0.6895833333333333 0.22365339578454332 0.6645833333333333 0.2306791569086651 0.64375 0.24355971896955503 0.64375 0.24355971896955503 0.6229166666666667 0.2189695550351288 0.6125
0 0.02459016393442623 0.5979166666666667 0.02224824355971897 0.6145833333333334 0.03278688524590164 0.6166666666666667 0.03629976580796253 0.625 0.03864168618266979 0.6125
0 0.47306791569086654 0.5729166666666666 0.46955503512880564 0.5729166666666666 0.46955503512880564 0.5854166666666667 0.4707259953161593 0.5979166666666667 0.47423887587822017 0.6 0.47540983606557374 0.5895833333333333 0.48243559718969553 0.58125 0.47423887587822017 0.5791666666666667
0 0.6908665105386417 0.5416666666666666 0.689695550351288 0.5604166666666667 0.6838407494145199 0.5770833333333333 0.6908665105386417 0.6145833333333334 0.689695550351288 0.6375 0.6955503512880562 0.6416666666666667 0.7037470725995316 0.6291666666666667 0.7060889929742389 0.60625 0.7189695550351288 0.5791666666666667 0.7060889929742389 0.55 0.6990632318501171 0.5479166666666667 0.6943793911007026 0.5375
0 0.21662763466042154 0.5416666666666666 0.21662763466042154 0.56875 0.22365339578454332 0.5375 0.2189695550351288 0.5354166666666667
0 0.8624121779859485 0.49895833333333334 0.00117096018735363 0.0020833333333333333
0 0.7763466042154566 0.49375 0.7728337236533958 0.51875 0.7786885245901639 0.525 0.7892271662763466 0.50625 0.7939110070257611 0.50625 0.8032786885245902 0.525 0.8021077283372365 0.55 0.797423887587822 0.5541666666666667 0.7997658079625293 0.5625 0.8056206088992974 0.5625 0.8079625292740047 0.5458333333333333 0.8138173302107728 0.5416666666666666 0.8161592505854801 0.53125 0.8161592505854801 0.5229166666666667 0.8067915690866511 0.5208333333333334 0.8079625292740047 0.5020833333333333 0.8138173302107728 0.5 0.8161592505854801 0.49166666666666664 0.8138173302107728 0.46875 0.7997658079625293 0.46875
0 0.8782201405152225 0.43125 0.8770491803278688 0.44166666666666665 0.8817330210772834 0.4479166666666667 0.892271662763466 0.44375 0.9016393442622951 0.45208333333333334 0.8934426229508197 0.49375 0.8934426229508197 0.50625 0.9016393442622951 0.5104166666666666 0.9180327868852459 0.45 0.9168618266978923 0.4270833333333333 0.9297423887587822 0.4 0.9262295081967213 0.39375 0.9016393442622951 0.39375 0.8911007025761124 0.40625 0.8864168618266979 0.425
0 0.7312646370023419 0.3770833333333333 0.00117096018735363 0.004166666666666667
0 0.6065573770491803 0.32708333333333334 0.6018735362997658 0.35625 0.6088992974238876 0.3625 0.6124121779859485 0.34270833333333334 0.6065573770491803 0.3385416666666667 0.6124121779859485 0.33125 0.6100702576112412 0.3229166666666667
0 0.9859484777517564 0.24375 0.9836065573770492 0.2791666666666667 0.9871194379391101 0.28125 0.990632318501171 0.26875 0.9859484777517564 0.2625 0.990632318501171 0.25 0.9894613583138173 0.24166666666666667
0 0.27634660421545665 0.575 0.27634660421545665 0.6083333333333333 0.2693208430913349 0.625 0.2786885245901639 0.625 0.28337236533957844 0.6479166666666667 0.2927400468384075 0.65625 0.3044496487119438 0.6354166666666666 0.30327868852459017 0.625 0.3114754098360656 0.625 0.3126463700234192 0.6166666666666667 0.31733021077283374 0.625 0.3360655737704918 0.6020833333333333 0.3407494145199063 0.5833333333333334 0.3629976580796253 0.55625 0.36768149882903983 0.5375 0.3793911007025761 0.51875 0.3875878220140515 0.5125 0.39227166276346603 0.5291666666666667 0.41451990632318503 0.5479166666666667 0.41920374707259955 0.5104166666666666 0.4262295081967213 0.5 0.42271662763466045 0.49166666666666664 0.4274004683840749 0.4791666666666667 0.43559718969555034 0.47291666666666665 0.4414519906323185 0.49166666666666664 0.4496487119437939 0.4979166666666667 0.45081967213114754 0.5229166666666667 0.45784543325526933 0.5166666666666667 0.4707259953161593 0.51875 0.47540983606557374 0.5 0.48711943793911006 0.49375 0.4859484777517564 0.5229166666666667 0.4918032786885246 0.5354166666666667 0.4918032786885246 0.5479166666666667 0.5023419203747073 0.55 0.5070257611241218 0.56875 0.5140515222482436 0.55625 0.5210772833723654 0.5541666666666667 0.5281030444964872 0.58125 0.5433255269320844 0.5979166666666667 0.5538641686182669 0.6 0.5562060889929742 0.5833333333333334 0.5620608899297423 0.575 0.5714285714285714 0.575 0.5819672131147541 0.5541666666666667 0.5971896955503513 0.5541666666666667 0.5983606557377049 0.5229166666666667 0.5925058548009368 0.5229166666666667 0.5983606557377049 0.5 0.6252927400468384 0.5041666666666667 0.6323185011709602 0.49375 0.6487119437939111 0.5 0.6475409836065574 0.45 0.6440281030444965 0.4354166666666667 0.6358313817330211 0.4270833333333333 0.6405152224824356 0.42291666666666666 0.6358313817330211 0.39791666666666664 0.6229508196721312 0.4 0.6194379391100703 0.41041666666666665 0.6112412177985949 0.4166666666666667 0.5971896955503513 0.41875 0.585480093676815 0.4125 0.5702576112412178 0.39166666666666666 0.5679156908665105 0.24375 0.5597189695550351 0.225 0.5690866510538641 0.19166666666666668 0.5679156908665105 0.18125 0.5608899297423887 0.18125 0.522248243559719 0.25 0.5210772833723654 0.33541666666666664 0.49765807962529274 0.33125 0.48711943793911006 0.2875 0.47306791569086654 0.275 0.4672131147540984 0.29375 0.4765807962529274 0.325 0.47540983606557374 0.3416666666666667 0.48009367681498827 0.34791666666666665 0.48711943793911006 0.3458333333333333 0.48360655737704916 0.36041666666666666 0.47892271662763464 0.35625 0.4707259953161593 0.36666666666666664 0.46252927400468385 0.3625 0.4601873536299766 0.375 0.4426229508196721 0.36875 0.4309133489461358 0.39166666666666666 0.4180327868852459 0.4 0.41451990632318503 0.40625 0.4133489461358314 0.4375 0.4180327868852459 0.4479166666666667 0.40866510538641687 0.46041666666666664 0.3992974238875878 0.4625 0.39344262295081966 0.4479166666666667 0.3770491803278688 0.4479166666666667 0.36416861826697894 0.47291666666666665 0.34543325526932084 0.48125 0.32903981264637 0.50625 0.32669789227166274 0.53125 0.3185011709601874 0.55 0.3161592505854801 0.56875 0.30562060889929743 0.5895833333333333 0.30327868852459017 0.58125 0.29156908665105385 0.5854166666666667