0 0.77421875 0.35694444444444445 0.77109375 0.3625 0.77421875 0.3680555555555556 0.78203125 0.36944444444444446 0.784375 0.3625 0.78828125 0.37083333333333335 0.7890625 0.36666666666666664 0.79296875 0.37083333333333335 0.78046875 0.35694444444444445 0.77421875 0.35694444444444445
0 0.2078125 0.8402777777777778 0.20703125 0.8430555555555556 0.2125 0.8402777777777778 0.2125 0.8541666666666666 0.20703125 0.8541666666666666 0.2078125 0.8569444444444444 0.2015625 0.8652777777777778 0.2046875 0.8694444444444445 0.20625 0.8805555555555555 0.21328125 0.8833333333333333 0.21640625 0.8791666666666667 0.21640625 0.8722222222222222 0.21171875 0.8583333333333333 0.22109375 0.8180555555555555 0.215625 0.8236111111111111 0.21640625 0.8333333333333334 0.21171875 0.8319444444444445 0.2078125 0.8402777777777778
0 0.22890625 0.7875 0.22734375 0.7944444444444444 0.23125 0.8 0.23515625 0.7916666666666666 0.23046875 0.7833333333333333 0.22890625 0.7875
0 0.22109375 0.7138888888888889 0.2203125 0.7194444444444444 0.22421875 0.7291666666666666 0.2234375 0.7541666666666667 0.22734375 0.7472222222222222 0.2296875 0.7513888888888889 0.22734375 0.7611111111111111 0.23046875 0.7638888888888888 0.23125 0.7555555555555555 0.22734375 0.7416666666666667 0.23203125 0.725 0.22109375 0.7138888888888889
0 0.21875 0.6416666666666667 0.21875 0.6680555555555555 0.2234375 0.675 0.22421875 0.6430555555555556 0.21875 0.6416666666666667
0 0.21015625 0.5902777777777778 0.21015625 0.6 0.21875 0.6194444444444445 0.22421875 0.6180555555555556 0.2234375 0.5972222222222222 0.21015625 0.5902777777777778
0 0.16875 0.45555555555555555 0.16796875 0.4722222222222222 0.178125 0.49027777777777776 0.17890625 0.5055555555555555 0.18671875 0.5097222222222222 0.19140625 0.5180555555555556 0.1953125 0.5555555555555556 0.2015625 0.5736111111111111 0.20703125 0.5777777777777777 0.20625 0.5569444444444445 0.20078125 0.5444444444444444 0.2 0.5180555555555556 0.19375 0.5041666666666667 0.19296875 0.49583333333333335 0.18671875 0.49166666666666664 0.1765625 0.4736111111111111 0.17421875 0.4486111111111111 0.16875 0.45555555555555555
0 0.17578125 0.43472222222222223 0.175 0.44166666666666665 0.17890625 0.44305555555555554 0.1796875 0.43472222222222223 0.17578125 0.43472222222222223
0 0.47421875 0.5208333333333334 0.4734375 0.5291666666666667 0.48203125 0.5388888888888889 0.50390625 0.5444444444444444 0.5078125 0.55 0.52109375 0.5555555555555556 0.5296875 0.5555555555555556 0.5375 0.5625 0.5546875 0.5680555555555555 0.56328125 0.5763888888888888 0.58359375 0.5833333333333334 0.5859375 0.575 0.58984375 0.5791666666666667 0.58828125 0.5833333333333334 0.59375 0.5847222222222223 0.59421875 0.5791666666666667 0.59859375 0.5791666666666667 0.6 0.5861111111111111 0.61953125 0.5930555555555556 0.6515625 0.6138888888888889 0.68984375 0.6208333333333333 0.70234375 0.6291666666666667 0.7171875 0.6319444444444444 0.74609375 0.6513888888888889 0.7640625 0.6569444444444444 0.7765625 0.6555555555555556 0.77265625 0.6458333333333334 0.76171875 0.6361111111111111 0.75390625 0.6388888888888888 0.74609375 0.6347222222222222 0.73125 0.6152777777777778 0.72421875 0.6208333333333333 0.70703125 0.6180555555555556 0.7 0.6138888888888889 0.69609375 0.6055555555555555 0.68515625 0.6013888888888889 0.659375 0.6013888888888889 0.6375 0.5930555555555556 0.63046875 0.5819444444444445 0.62265625 0.5833333333333334 0.6125 0.5777777777777777 0.6029687499999999 0.5791666666666667 0.5859375 0.5736111111111111 0.56953125 0.5638888888888889 0.553125 0.5444444444444444 0.5390625 0.5416666666666666 0.53515625 0.5277777777777778 0.5296875 0.5208333333333334 0.51796875 0.5222222222222223 0.509375 0.5138888888888888 0.5046875 0.5180555555555556 0.49765625 0.5152777777777777 0.49453125 0.5236111111111111 0.47421875 0.5208333333333334
0 0.3453125 0.45555555555555555 0.34375 0.4666666666666667 0.3625 0.48055555555555557 0.40546875 0.49444444444444446 0.4375 0.5152777777777777 0.46796875 0.5180555555555556 0.4640625 0.5083333333333333 0.4296875 0.5 0.41875 0.4930555555555556 0.41171875 0.48194444444444445 0.3953125 0.48055555555555557 0.38671875 0.4708333333333333 0.3734375 0.4708333333333333 0.36015625 0.45555555555555555 0.3453125 0.45555555555555555
0 0.334375 0.43333333333333335 0.33203125 0.43333333333333335 0.33359375 0.4375 0.334375 0.43333333333333335
0 0.25234375 0.4 0.2515625 0.40694444444444444 0.25390625 0.40555555555555556 0.25390625 0.4097222222222222 0.26328125 0.41805555555555557 0.2859375 0.4263888888888889 0.28515625 0.41805555555555557 0.290625 0.42083333333333334 0.29140625 0.42777777777777776 0.29296875 0.4236111111111111 0.296875 0.42777777777777776 0.27265625 0.40555555555555556 0.25234375 0.4