0 0.8328125 0.47638888888888886 0.83203125 0.48055555555555557 0.8390625 0.4875 0.853125 0.4875 0.86015625 0.4791666666666667 0.86640625 0.4847222222222222 0.86875 0.4791666666666667 0.875 0.4875 0.89140625 0.48055555555555557 0.8890625 0.4722222222222222 0.8734375 0.4791666666666667 0.85546875 0.4791666666666667 0.85 0.46805555555555556 0.84375 0.46805555555555556 0.8328125 0.47638888888888886
0 0.32109375 0.6666666666666666 0.31953125 0.6708333333333333 0.33125 0.6888888888888889 0.34375 0.6972222222222222 0.3546875 0.6986111111111111 0.36953125 0.7152777777777778 0.38046875 0.7111111111111111 0.39140625 0.7194444444444444 0.39375 0.7305555555555555 0.403125 0.7388888888888889 0.4171875 0.7652777777777777 0.4203125 0.7875 0.42421875 0.7958333333333333 0.44375 0.7944444444444444 0.4375 0.7708333333333334 0.4265625 0.7638888888888888 0.41171875 0.7305555555555555 0.38515625 0.6847222222222222 0.36640625 0.6722222222222223 0.34375 0.6652777777777777 0.32109375 0.6666666666666666
0 0.23515625 0.5430555555555555 0.23515625 0.5555555555555556 0.2390625 0.5666666666666667 0.259375 0.5847222222222223 0.26953125 0.6055555555555555 0.2765625 0.6125 0.29296875 0.6180555555555556 0.29296875 0.6083333333333333 0.275 0.5722222222222222 0.25625 0.5652777777777778 0.24296875 0.5444444444444444 0.23515625 0.5430555555555555
0 0.2171875 0.5208333333333334 0.2140625 0.5305555555555556 0.21640625 0.5402777777777777 0.22421875 0.5277777777777778 0.22421875 0.5111111111111111 0.2171875 0.5208333333333334
0 0.4625 0.5305555555555556 0.4625 0.5388888888888889 0.46953125 0.5402777777777777 0.47109375 0.5333333333333333 0.47578125 0.5388888888888889 0.47421875 0.5333333333333333 0.478125 0.5305555555555556 0.48125 0.5388888888888889 0.48828125 0.5319444444444444 0.51171875 0.5277777777777778 0.525 0.5180555555555556 0.55625 0.5180555555555556 0.55390625 0.5138888888888888 0.55130234375 0.5180555555555556 0.5484375 0.5138888888888888 0.54635390625 0.5180555555555556 0.54296875 0.5138888888888888 0.54140625 0.5180555555555556 0.5390625 0.5138888888888888 0.53671875 0.5180555555555556 0.53515625 0.5138888888888888 0.5296875 0.5180555555555556 0.51875 0.5083333333333333 0.5125 0.5194444444444445 0.49036484375 0.5236111111111111 0.49140625 0.5291666666666667 0.4875 0.5319444444444444 0.4859375 0.5236111111111111 0.4703125 0.5319444444444444 0.4625 0.5305555555555556
0 0.41171875 0.4847222222222222 0.40625 0.4847222222222222 0.40625 0.49027777777777776 0.4109375 0.49583333333333335 0.4140625 0.5069444444444444 0.44296875 0.5291666666666667 0.4421875 0.5222222222222223 0.43046875 0.5083333333333333 0.41953125 0.5027777777777778 0.41171875 0.4847222222222222
0 0.323828125 0.4826388888888889 0.00078125 0.001388888888888889
0 0.45 0.4527777777777778 0.45078125 0.4597222222222222 0.4578125 0.4666666666666667 0.471875 0.4666666666666667 0.47421875 0.46111111111111114 0.49296875 0.47638888888888886 0.50859375 0.4791666666666667 0.51640625 0.4722222222222222 0.534375 0.48333333333333334 0.53828125 0.49027777777777776 0.54296875 0.49166666666666664 0.54453125 0.4875 0.54453125 0.48333333333333334 0.53671875 0.4722222222222222 0.51171875 0.4722222222222222 0.49765625 0.4625 0.47109375 0.4583333333333333 0.465625 0.4486111111111111 0.4546875 0.4486111111111111 0.45 0.4527777777777778
0 0.3203125 0.6680555555555555 0.325 0.6805555555555556 0.34453125 0.6972222222222222 0.35390625 0.6972222222222222 0.36875 0.7138888888888889 0.38046875 0.7097222222222223 0.39140625 0.7180555555555556 0.3953125 0.7305555555555555 0.4 0.7333333333333333 0.415625 0.7597222222222222 0.4234375 0.7944444444444444 0.44375 0.7944444444444444 0.4375 0.7708333333333334 0.42734375 0.7652777777777777 0.39140625 0.6930555555555555 0.3828125 0.6833333333333333 0.36484375 0.6722222222222223 0.35546875 0.6722222222222223 0.3421875 0.6652777777777777 0.32578125 0.6638888888888889 0.3203125 0.6680555555555555
0 0.240625 0.5430555555555555 0.2359375 0.5430555555555555 0.2359375 0.5527777777777778 0.2421875 0.5680555555555555 0.26015625 0.5847222222222223 0.2703125 0.6055555555555555 0.29296875 0.6180555555555556 0.29296875 0.6097222222222223 0.28046875 0.5902777777777778 0.275 0.5722222222222222 0.25703125 0.5666666666666667 0.240625 0.5430555555555555
0 0.21640625 0.5236111111111111 0.21640625 0.5375 0.2234375 0.5277777777777778 0.22421875 0.5138888888888888 0.2203125 0.5152777777777777 0.21640625 0.5236111111111111