0 0.8911007025761124 0.9354166666666667 0.892271662763466 0.9458333333333333 0.8981264637002342 0.9458333333333333 0.8969555035128806 0.9520833333333333 0.9004683840749415 0.9479166666666666 0.9028103044496487 0.9604166666666667 0.9110070257611241 0.96875 0.9320843091334895 0.975 0.9426229508196722 0.9875 0.9578454332552693 0.99375 0.955503512880562 0.9791666666666666 0.9613583138173302 0.98125 0.9672131147540983 0.9916666666666667 0.9613583138173302 0.9791666666666666 0.949648711943794 0.975 0.9379391100702577 0.95625 0.9110070257611241 0.9604166666666667 0.8911007025761124 0.9354166666666667
0 0.9660421545667447 0.9041666666666667 0.9742388758782201 0.90625 0.9742388758782201 0.9 0.9660421545667447 0.9041666666666667
0 0.8618266978922716 0.8979166666666667 0.8594847775175644 0.90625 0.8536299765807962 0.8979166666666667 0.8536299765807962 0.9041666666666667 0.8676814988290398 0.9104166666666667 0.8618266978922716 0.8979166666666667
0 0.8723653395784543 0.8104166666666667 0.8665105386416861 0.8166666666666667 0.8747072599531616 0.83125 0.8676814988290398 0.8375 0.8676814988290398 0.8479166666666667 0.8887587822014051 0.85 0.8899297423887588 0.8354166666666667 0.8864168618266979 0.8229166666666666 0.8723653395784543 0.8104166666666667
0 0.6252927400468384 0.725 0.6217798594847775 0.725 0.6217798594847775 0.7416666666666667 0.6252927400468384 0.7479166666666667 0.6428571428571429 0.75625 0.6592505854800936 0.7541666666666667 0.65807962529274 0.7375 0.6334894613583139 0.7375 0.6252927400468384 0.725
0 0.6709601873536299 0.65625 0.6651053864168618 0.66875 0.6686182669789227 0.6875 0.6475409836065574 0.70625 0.6604215456674473 0.725 0.6627634660421545 0.7416666666666667 0.6686182669789227 0.7416666666666667 0.7084309133489461 0.7916666666666666 0.7283372365339579 0.8 0.7564402810304449 0.8229166666666666 0.7681498829039812 0.8354166666666667 0.7810304449648712 0.8625 0.8290398126463701 0.89375 0.8501170960187353 0.8979166666666667 0.8395784543325527 0.875 0.819672131147541 0.8666666666666667 0.8067915690866511 0.8416666666666667 0.8079625292740047 0.8354166666666667 0.8302107728337237 0.8354166666666667 0.8454332552693209 0.8479166666666667 0.8477751756440282 0.8354166666666667 0.8559718969555035 0.8479166666666667 0.8524590163934426 0.8354166666666667 0.8430913348946136 0.8291666666666667 0.8384074941451991 0.7729166666666667 0.7681498829039812 0.7666666666666667 0.7622950819672131 0.74375 0.7564402810304449 0.74375 0.7412177985948478 0.725 0.7295081967213115 0.6916666666666667 0.7189695550351288 0.6854166666666667 0.6932084309133489 0.64375 0.6779859484777517 0.64375 0.6709601873536299 0.65625
0 0.5620608899297423 0.60625 0.5526932084309133 0.6166666666666667 0.5772833723653396 0.6125 0.5737704918032787 0.60625 0.5620608899297423 0.60625
0 0.43676814988290397 0.6 0.4344262295081967 0.6041666666666666 0.43911007025761123 0.6166666666666667 0.45901639344262296 0.6229166666666667 0.45901639344262296 0.6104166666666667 0.446135831381733 0.6 0.43676814988290397 0.6
0 0.5362997658079626 0.59375 0.5351288056206089 0.6 0.5386416861826698 0.6 0.5362997658079626 0.59375
0 0.39695550351288056 0.5104166666666666 0.39695550351288056 0.5291666666666667 0.39227166276346603 0.5375 0.3946135831381733 0.5416666666666666 0.40749414519906324 0.5375 0.4215456674473068 0.55 0.4601873536299766 0.55 0.47306791569086654 0.5625 0.48009367681498827 0.5791666666666667 0.49765807962529274 0.58125 0.5035128805620609 0.5708333333333333 0.5046838407494145 0.58125 0.5117096018735363 0.58125 0.5117096018735363 0.575 0.5023419203747073 0.56875 0.49765807962529274 0.55625 0.47892271662763464 0.5541666666666667 0.47423887587822017 0.5416666666666666 0.4613583138173302 0.5375 0.4531615925058548 0.5229166666666667 0.4379391100702576 0.5229166666666667 0.4215456674473068 0.50625 0.39695550351288056 0.5104166666666666
0 0.2189695550351288 0.4791666666666667 0.2189695550351288 0.49166666666666664 0.234192037470726 0.5166666666666667 0.24004683840749413 0.51875 0.24824355971896955 0.5375 0.29156908665105385 0.5541666666666667 0.30327868852459017 0.56875 0.319672131147541 0.5666666666666667 0.33489461358313816 0.5729166666666666 0.3442622950819672 0.5854166666666667 0.3430913348946136 0.6041666666666666 0.35362997658079626 0.6166666666666667 0.40866510538641687 0.6479166666666667 0.4168618266978923 0.65 0.41569086651053866 0.6354166666666666 0.4215456674473068 0.6354166666666666 0.4262295081967213 0.6416666666666667 0.4262295081967213 0.6541666666666667 0.4414519906323185 0.65625 0.45901639344262296 0.675 0.4718969555035129 0.6666666666666666 0.47540983606557374 0.66875 0.4718969555035129 0.675 0.47423887587822017 0.6791666666666667 0.477751756440281 0.6729166666666667 0.5035128805620609 0.6979166666666666 0.5035128805620609 0.6875 0.5070257611241218 0.6875 0.5105386416861827 0.6979166666666666 0.5187353629976581 0.7 0.524980093676815 0.69375 0.525175644028103 0.7 0.5597189695550351 0.7104166666666667 0.5573770491803278 0.6979166666666666 0.5456674473067916 0.6875 0.5374707259953162 0.69375 0.5175644028103045 0.6916666666666667 0.46604215456674475 0.6604166666666667 0.46252927400468385 0.6479166666666667 0.4063231850117096 0.63125 0.3770491803278688 0.6125 0.3747072599531616 0.6 0.38992974238875877 0.58125 0.39344262295081966 0.56875 0.3981264637002342 0.56875 0.39695550351288056 0.5541666666666667 0.3864168618266979 0.5541666666666667 0.36416861826697894 0.51875 0.3548009367681499 0.5291666666666667 0.3477751756440281 0.51875 0.33840749414519905 0.51875 0.3360655737704918 0.5104166666666666 0.31030444964871196 0.49375 0.3044496487119438 0.45625 0.2997658079625293 0.4479166666666667 0.26697892271662765 0.44166666666666665 0.26229508196721313 0.43125 0.2388758782201405 0.42916666666666664 0.234192037470726 0.43125 0.23185011709601874 0.44166666666666665 0.2423887587822014 0.46041666666666664 0.2189695550351288 0.4791666666666667
0 0.1920374707259953 0.37916666666666665 0.17330210772833723 0.39791666666666664 0.17681498829039813 0.39375 0.18266978922716628 0.4041666666666667 0.19437939110070257 0.41041666666666665 0.20374707259953162 0.3875 0.20140515222482436 0.37916666666666665 0.1920374707259953 0.37916666666666665
0 0.148711943793911 0.34375 0.14637002341920374 0.3541666666666667 0.16627634660421545 0.36666666666666664 0.16978922716627634 0.3625 0.16042154566744732 0.35 0.1592505854800937 0.3375 0.148711943793911 0.34375