0 0.26197916666666665 0.5388888888888889 0.2604166666666667 0.5416666666666666 0.2604166666666667 0.549074074074074 0.26875 0.5601851851851852 0.26666666666666666 0.5694444444444444 0.26875 0.5731481481481482 0.2765625 0.5712962962962963 0.28229166666666666 0.562037037037037 0.290625 0.5574074074074075 0.2942708333333333 0.5462962962962963 0.290625 0.5370370370370371 0.2755208333333333 0.5259259259259259 0.26979166666666665 0.5277777777777778
0 0.0036458333333333334 0.899074074074074 0.0046875 0.9055555555555556 0.017708333333333333 0.9055555555555556 0.025520833333333333 0.9009259259259259 0.036458333333333336 0.9009259259259259 0.059895833333333336 0.8870370370370371 0.06041666666666667 0.8824074074074074 0.05416666666666667 0.8759259259259259 0.04479166666666667 0.8759259259259259 0.026041666666666668 0.8870370370370371 0.013541666666666667 0.8851851851851852
0 0.340625 0.4351851851851852 0.340625 0.45740740740740743 0.34427083333333336 0.45740740740740743 0.34791666666666665 0.4527777777777778 0.3536458333333333 0.4527777777777778 0.35572916666666665 0.45925925925925926 0.3625 0.4666666666666667 0.34791666666666665 0.48703703703703705 0.3484375 0.4935185185185185 0.3619791666666667 0.5074074074074074 0.36822916666666666 0.5074074074074074 0.37083333333333335 0.5185185185185185 0.3807291666666667 0.5185185185185185 0.38958333333333334 0.5120370370370371 0.39375 0.5120370370370371 0.403125 0.5009259259259259 0.40208333333333335 0.4962962962962963 0.3958333333333333 0.4962962962962963 0.39114583333333336 0.5009259259259259 0.37864583333333335 0.5009259259259259 0.37864583333333335 0.4925925925925926 0.3848958333333333 0.47962962962962963 0.3880208333333333 0.4666666666666667 0.3880208333333333 0.4564814814814815 0.39010416666666664 0.44907407407407407 0.3890625 0.4305555555555556 0.396875 0.4212962962962963 0.39947916666666666 0.41388888888888886 0.39791666666666664 0.4101851851851852 0.39375 0.40925925925925927 0.39010416666666664 0.39814814814814814 0.38333333333333336 0.39814814814814814 0.37135416666666665 0.4101851851851852 0.3651041666666667 0.4101851851851852 0.35885416666666664 0.4185185185185185 0.3494791666666667 0.42314814814814816
0 0.0484375 0.6018518518518519 0.0484375 0.6231481481481481 0.0515625 0.6324074074074074 0.065625 0.6305555555555555 0.07395833333333333 0.6175925925925926 0.08020833333333334 0.6277777777777778 0.08489583333333334 0.6296296296296297 0.0890625 0.6231481481481481 0.08802083333333334 0.6055555555555555 0.10260416666666666 0.6 0.11354166666666667 0.5888888888888889 0.12552083333333333 0.5851851851851851 0.13020833333333334 0.5805555555555556 0.15 0.5777777777777777 0.15416666666666667 0.5685185185185185 0.15052083333333333 0.5342592592592592 0.13072916666666667 0.5324074074074074 0.12864583333333332 0.5351851851851852 0.12135416666666667 0.5351851851851852 0.11197916666666667 0.5212962962962963 0.09895833333333333 0.5342592592592592 0.09166666666666666 0.5351851851851852 0.0890625 0.524074074074074 0.0859375 0.5231481481481481 0.0828125 0.5314814814814814 0.08229166666666667 0.5481481481481482 0.07083333333333333 0.5611111111111111 0.075 0.5740740740740741 0.075 0.5805555555555556 0.06770833333333333 0.587037037037037 0.05625 0.587037037037037 0.05260416666666667 0.5898148148148148
0 0.5453125 0.4824074074074074 0.5416666666666666 0.5009259259259259 0.5354166666666667 0.5101851851851852 0.5354166666666667 0.5138888888888888 0.5427083333333333 0.5453703703703704 0.5473958333333333 0.5481481481481482 0.5619791666666667 0.5324074074074074 0.5645833333333333 0.5120370370370371 0.5703125 0.5 0.5677083333333334 0.45925925925925926 0.5635416666666667 0.45555555555555555 0.5598958333333334 0.46111111111111114 0.5567708333333333 0.47314814814814815 0.5546875 0.4759259259259259 0.55 0.4759259259259259
0 0.49375 0.22592592592592592 0.4921875 0.25092592592592594 0.4895833333333333 0.25925925925925924 0.4875 0.2601851851851852 0.4875 0.2712962962962963 0.484375 0.2759259259259259 0.48333333333333334 0.2851851851851852 0.48541666666666666 0.2898148148148148 0.4859375 0.3 0.4895833333333333 0.30925925925925923 0.4942708333333333 0.31666666666666665 0.4979166666666667 0.31666666666666665 0.50625 0.3101851851851852 0.5104166666666666 0.2916666666666667 0.5083333333333333 0.2777777777777778 0.5171875 0.262037037037037 0.5171875 0.2462962962962963 0.5135416666666667 0.2361111111111111 0.5161458333333333 0.23425925925925925 0.5161458333333333 0.2175925925925926 0.5192708333333333 0.20185185185185187 0.5239583333333333 0.1935185185185185 0.5239583333333333 0.18703703703703703 0.51875 0.18518518518518517 0.5119791666666667 0.19166666666666668 0.5036458333333333 0.21203703703703702
0 0.5317708333333333 0.13703703703703704 0.5322916666666667 0.14166666666666666 0.5333333333333333 0.1388888888888889
0 0.5583333333333333 0.025925925925925925 0.5583333333333333 0.032407407407407406 0.565625 0.05185185185185185 0.5661458333333333 0.06018518518518518 0.5598958333333334 0.08611111111111111 0.5598958333333334 0.10740740740740741 0.5541666666666667 0.12129629629629629 0.5510416666666667 0.12222222222222222 0.5520833333333334 0.13518518518518519 0.5479166666666667 0.15462962962962962 0.5541666666666667 0.16018518518518518 0.5604166666666667 0.15925925925925927 0.5645833333333333 0.13148148148148148 0.571875 0.12962962962962962 0.575 0.13425925925925927 0.5791666666666667 0.13425925925925927 0.5802083333333333 0.12777777777777777 0.5786458333333333 0.11388888888888889 0.5723958333333333 0.10277777777777777 0.5708333333333333 0.09166666666666666 0.5760416666666667 0.07592592592592592 0.5786458333333333 0.07314814814814814 0.58125 0.05555555555555555 0.5911458333333334 0.044444444444444446 0.5932291666666667 0.03888888888888889 0.5916666666666667 0.032407407407407406 0.5828125 0.021296296296296296 0.5807291666666666 0.007407407407407408 0.5739583333333333 0.007407407407407408 0.5703125 0.013888888888888888 0.5635416666666667 0.016666666666666666
0 0.5916666666666667 0 0.5932291666666667 0.017592592592592594 0.6005208333333333 0.03518518518518519 0.6145833333333334 0.04814814814814815 0.6203125 0.046296296296296294 0.6208333333333333 0.030555555555555555 0.6161458333333333 0.016666666666666666 0.609375 0.007407407407407408 0.6078125 0
0 0.55 0.4842592592592593 0.5463541666666667 0.487962962962963 0.5458333333333333 0.4935185185185185 0.5473958333333333 0.4981481481481482 0.5458333333333333 0.5027777777777778 0.5479166666666667 0.5046296296296297 0.5458333333333333 0.5092592592592593 0.5494791666666666 0.512962962962963 0.5515625 0.5101851851851852 0.5479166666666667 0.5083333333333333 0.5520833333333334 0.5064814814814815 0.5541666666666667 0.5018518518518519 0.5526041666666667 0.4962962962962963 0.5552083333333333 0.4888888888888889 0.5546875 0.4861111111111111 0.5505208333333333 0.4842592592592593
0 0.3463541666666667 0.7027777777777777 0.33645833333333336 0.7074074074074074 0.33229166666666665 0.7166666666666667 0.32708333333333334 0.7222222222222222 0.32083333333333336 0.7203703703703703 0.31979166666666664 0.7277777777777777 0.328125 0.7277777777777777 0.328125 0.7342592592592593 0.3416666666666667 0.7342592592592593 0.340625 0.7305555555555555 0.3458333333333333 0.7240740740740741 0.3453125 0.7203703703703703 0.3489583333333333 0.7111111111111111 0.35572916666666665 0.7064814814814815 0.3489583333333333 0.7027777777777777
0 0.3932291666666667 0.6212962962962963 0.3885416666666667 0.6231481481481481 0.3848958333333333 0.6296296296296297 0.37552083333333336 0.6287037037037037 0.371875 0.6333333333333333 0.371875 0.6416666666666667 0.37604166666666666 0.6444444444444445 0.38333333333333336 0.6388888888888888 0.3875 0.6416666666666667 0.39114583333333336 0.6472222222222223 0.39010416666666664 0.6574074074074074 0.39375 0.6675925925925926 0.4046875 0.6675925925925926 0.4046875 0.6611111111111111 0.4083333333333333 0.6555555555555556 0.40989583333333335 0.6425925925925926 0.40677083333333336 0.6370370370370371 0.39427083333333335 0.6305555555555555 0.39739583333333334 0.6231481481481481 0.39427083333333335 0.6212962962962963
0 0.5776041666666667 0.512962962962963 0.5729166666666666 0.5166666666666667 0.5677083333333334 0.5472222222222223 0.5625 0.5638888888888889 0.5520833333333334 0.5740740740740741 0.5567708333333333 0.5805555555555556 0.5572916666666666 0.5990740740740741 0.5671875 0.5944444444444444 0.5760416666666667 0.5777777777777777 0.5776041666666667 0.5675925925925925 0.5760416666666667 0.5564814814814815 0.5817708333333333 0.537962962962963 0.5822916666666667 0.5305555555555556 0.5807291666666666 0.5175925925925926 0.578125 0.512962962962963
0 0.2671875 0.725925925925926 0.265625 0.7268518518518519 0.2671875 0.7361111111111112 0.26614583333333336 0.7453703703703703 0.25885416666666666 0.7490740740740741 0.24791666666666667 0.7453703703703703 0.2453125 0.7574074074074074 0.24114583333333334 0.7620370370370371 0.2359375 0.7583333333333333 0.22916666666666666 0.7592592592592593 0.2265625 0.7648148148148148 0.22864583333333333 0.7685185185185185 0.228125 0.7787037037037037 0.23020833333333332 0.7824074074074074 0.23802083333333332 0.7851851851851852 0.24479166666666666 0.7916666666666666 0.25729166666666664 0.7953703703703704 0.26875 0.7944444444444444 0.2833333333333333 0.7824074074074074 0.29322916666666665 0.7648148148148148 0.30625 0.7592592592592593 0.31145833333333334 0.7518518518518519 0.309375 0.7407407407407407 0.3109375 0.737037037037037 0.30625 0.7305555555555555 0.30833333333333335 0.7268518518518519 0.3015625 0.7287037037037037 0.3 0.7333333333333333 0.3026041666666667 0.7407407407407407 0.3015625 0.7444444444444445 0.2984375 0.7509259259259259 0.2947916666666667 0.7509259259259259 0.2916666666666667 0.7453703703703703 0.29322916666666665 0.7407407407407407 0.2755208333333333 0.7388888888888889 0.27239583333333334 0.7351851851851852 0.26979166666666665 0.725925925925926