0 0.2234375 0.49444444444444446 0.21796875 0.5097222222222222 0.234375 0.5111111111111111 0.23828125 0.5305555555555556 0.25390625 0.5444444444444444 0.2609375 0.5652777777777778 0.2625 0.5791666666666667 0.2671875 0.5888888888888889 0.26875 0.6125 0.28203125 0.6402777777777777 0.30546875 0.6694444444444444 0.3140625 0.7027777777777777 0.32265625 0.7222222222222222 0.32421875 0.7402777777777778 0.31953125 0.7583333333333333 0.31953125 0.7680555555555556 0.3328125 0.7972222222222223 0.32890625 0.8055555555555556 0.33359375 0.8027777777777778 0.36953125 0.8180555555555555 0.45859375 0.8402777777777778 0.46015625 0.8361111111111111 0.45625 0.8277777777777777 0.44453125 0.8263888888888888 0.44140625 0.8152777777777778 0.43125 0.8055555555555556 0.4109375 0.8083333333333333 0.40078125 0.8055555555555556 0.390625 0.7958333333333333 0.384375 0.8013888888888889 0.37734375 0.8 0.37265625 0.7930555555555555 0.359375 0.7972222222222223 0.3390625 0.7958333333333333 0.33828125 0.7916666666666666 0.34296875 0.7791666666666667 0.3453125 0.75 0.3453125 0.7013888888888888 0.3421875 0.6847222222222222 0.31796875 0.6666666666666666 0.31171875 0.6263888888888889 0.2984375 0.6263888888888889 0.28046875 0.6069444444444444 0.2703125 0.5875 0.2734375 0.5583333333333333 0.2671875 0.5458333333333333 0.2703125 0.5263888888888889 0.26875 0.5180555555555556 0.25546875 0.5138888888888888 0.240625 0.48055555555555557 0.23671875 0.48194444444444445 0.23359375 0.49444444444444446 0.2234375 0.49444444444444446
0 0.8921875 0.5638888888888889 0.89140625 0.5680555555555555 0.9 0.5805555555555556 0.92109375 0.5819444444444445 0.928125 0.5777777777777777 0.9453125 0.5861111111111111 0.9453125 0.5763888888888888 0.953515625 0.5777777777777777 0.9518226562500001 0.5847222222222223 0.9567710937499999 0.5847222222222223 0.95859375 0.5763888888888888 0.9609375 0.5763888888888888 0.96171875 0.5847222222222223 0.975 0.5805555555555556 0.97109375 0.5722222222222222 0.94453125 0.5736111111111111 0.93046875 0.5680555555555555 0.92421875 0.5736111111111111 0.9078125 0.5555555555555556 0.9 0.5555555555555556 0.8921875 0.5638888888888889
0 0.41640625 0.5291666666666667 0.41171875 0.5291666666666667 0.41328125 0.5375 0.43125 0.55 0.4453125 0.55 0.46796875 0.5416666666666666 0.48125 0.5444444444444444 0.48098984375000003 0.5388888888888889 0.490625 0.5444444444444444 0.491015625 0.5375 0.49609375 0.5375 0.49765625 0.5444444444444444 0.53125 0.5444444444444444 0.52578125 0.5388888888888889 0.5203125 0.5388888888888889 0.515625 0.5444444444444444 0.5140625 0.5375 0.49765625 0.5347222222222222 0.4625 0.5416666666666666 0.4578125 0.5375 0.45625 0.5444444444444444 0.45 0.5458333333333333 0.4515625 0.5375 0.44296875 0.5416666666666666 0.4265625 0.5375 0.41640625 0.5291666666666667
0 0.68125 0.5111111111111111 0.67734375 0.5180555555555556 0.6890625 0.5180555555555556 0.6875 0.5111111111111111 0.68125 0.5111111111111111
0 0.70703125 0.5083333333333333 0.70625 0.5180555555555556 0.71640625 0.5152777777777777 0.715625 0.5097222222222222 0.70703125 0.5083333333333333
0 0.38671875 0.49722222222222223 0.3859375 0.5013888888888889 0.3890625 0.5013888888888889 0.38671875 0.49722222222222223
0 0.387109375 0.48194444444444445 0.00078125 0.002777777777777778
0 0.21796875 0.5069444444444444 0.21953125 0.5138888888888888 0.225 0.5097222222222222 0.2328125 0.5111111111111111 0.2390625 0.5319444444444444 0.25390625 0.5472222222222223 0.2671875 0.5930555555555556 0.2703125 0.6166666666666667 0.28359375 0.6416666666666667 0.3 0.6597222222222222 0.30546875 0.6708333333333333 0.3140625 0.7027777777777777 0.32265625 0.7222222222222222 0.32421875 0.7388888888888889 0.31953125 0.7666666666666667 0.3328125 0.8 0.32734375 0.8055555555555556 0.33203125 0.8027777777777778 0.34375 0.8083333333333333 0.3484375 0.7958333333333333 0.352734375 0.7958333333333333 0.3515625 0.8097222222222222 0.36953125 0.8180555555555555 0.428125 0.8305555555555556 0.45625 0.8416666666666667 0.46015625 0.8361111111111111 0.45625 0.8277777777777777 0.44453125 0.8263888888888888 0.44296875 0.8194444444444444 0.43359375 0.8069444444444445 0.40859375 0.8083333333333333 0.390625 0.7958333333333333 0.38125 0.8013888888888889 0.37265625 0.7930555555555555 0.3578125 0.7972222222222223 0.340625 0.7888888888888889 0.3453125 0.75 0.3453125 0.7013888888888888 0.3421875 0.6847222222222222 0.3171875 0.6652777777777777 0.31171875 0.6263888888888889 0.29921875 0.6263888888888889 0.275 0.6 0.2703125 0.5819444444444445 0.2734375 0.5569444444444445 0.26796875 0.5458333333333333 0.2703125 0.5291666666666667 0.26875 0.5180555555555556 0.25546875 0.5138888888888888 0.2421875 0.48055555555555557 0.23671875 0.48055555555555557 0.234375 0.4930555555555556 0.22421875 0.49027777777777776 0.21796875 0.5069444444444444
0 0.70390625 0.45416666666666666 0.7015625 0.45555555555555555 0.70546875 0.4625 0.7265625 0.4625 0.734375 0.45694444444444443 0.72734375 0.4513888888888889 0.70390625 0.45416666666666666
0 0.45 0.44722222222222224 0.44921875 0.45416666666666666 0.45625 0.4625 0.4796875 0.47638888888888886 0.49140625 0.47638888888888886 0.4859375 0.46944444444444444 0.47109375 0.4625 0.459375 0.4444444444444444 0.45 0.44722222222222224
0 0.58515625 0.4111111111111111 0.5828125 0.41805555555555557 0.5953125 0.425 0.6015625 0.4222222222222222 0.6015625 0.41805555555555557 0.59140625 0.4111111111111111 0.58515625 0.4111111111111111
0 0.57421875 0.40555555555555556 0.5703125 0.40555555555555556 0.5734375 0.4111111111111111 0.57421875 0.40555555555555556