0 0.8671875 0.9847222222222223 0.86640625 0.9930555555555556 0.86875 0.9972222222222222 0.88515625 0.9972222222222222 0.89453125 0.9875 0.89375 0.9805555555555555 0.87109375 0.9791666666666666 0.8671875 0.9847222222222223
0 0.6125 0.8805555555555555 0.6125 0.9013888888888889 0.63203125 0.9138888888888889 0.66171875 0.9138888888888889 0.68671875 0.9305555555555556 0.70859375 0.9805555555555555 0.71328125 0.9791666666666666 0.71953125 0.9583333333333334 0.72265625 0.9555555555555556 0.7125 0.9541666666666667 0.70234375 0.9388888888888889 0.70390625 0.9180555555555555 0.69140625 0.8819444444444444 0.6359375 0.8861111111111111 0.6265625 0.8805555555555555 0.61953125 0.8708333333333333 0.61640625 0.8708333333333333 0.6125 0.8805555555555555
0 0.459375 0.8083333333333333 0.45859375 0.8166666666666667 0.478125 0.8430555555555556 0.48515625 0.8638888888888889 0.49453125 0.8805555555555555 0.5046875 0.8833333333333333 0.51171875 0.8930555555555556 0.525 0.9013888888888889 0.546875 0.8958333333333334 0.55546875 0.8847222222222222 0.55546875 0.8763888888888889 0.53984375 0.8555555555555555 0.51328125 0.8680555555555556 0.50390625 0.8555555555555555 0.5 0.8444444444444444 0.5 0.8305555555555556 0.49609375 0.8222222222222222 0.48046875 0.8152777777777778 0.47421875 0.8069444444444445 0.459375 0.8083333333333333
0 0.59375 0.5833333333333334 0.59375 0.5916666666666667 0.5859375 0.6013888888888889 0.58671875 0.6138888888888889 0.6140625 0.6180555555555556 0.62265625 0.6125 0.6265625 0.6027777777777777 0.6234375 0.5861111111111111 0.61875 0.5847222222222223 0.61171875 0.5722222222222222 0.60546875 0.5736111111111111 0.603125 0.5805555555555556 0.59375 0.5833333333333334
0 0.5421875 0.5236111111111111 0.5390625 0.5305555555555556 0.54453125 0.5291666666666667 0.54453125 0.5236111111111111 0.5421875 0.5236111111111111
0 0.5625 0.5305555555555556 0.5640625 0.5347222222222222 0.5609375 0.5430555555555555 0.5640625 0.5444444444444444 0.5859375 0.5458333333333333 0.5921875 0.5444444444444444 0.59375 0.5402777777777777 0.596875 0.5430555555555555 0.58984375 0.5347222222222222 0.59140625 0.5305555555555556 0.5875 0.5319444444444444 0.5859375 0.5222222222222223 0.58203125 0.5166666666666667 0.5734375 0.5236111111111111 0.57109375 0.5083333333333333 0.56875 0.5097222222222222 0.56953125 0.5263888888888889 0.5625 0.5305555555555556
0 0.6734375 0.49027777777777776 0.6734375 0.5 0.6765625 0.5055555555555555 0.690625 0.5055555555555555 0.69453125 0.5 0.69375 0.4888888888888889 0.68984375 0.48333333333333334 0.6734375 0.49027777777777776
0 0.56953125 0.4847222222222222 0.5671875 0.49166666666666664 0.56875 0.49444444444444446 0.57578125 0.4875 0.57421875 0.48333333333333334 0.56953125 0.4847222222222222
0 0.4359375 0.41388888888888886 0.4328125 0.4166666666666667 0.44453125 0.4222222222222222 0.449609375 0.4222222222222222 0.45078125 0.41388888888888886 0.45546875 0.4152777777777778 0.4546875 0.4222222222222222 0.46796875 0.41944444444444445 0.46640625 0.41388888888888886 0.44453125 0.4111111111111111 0.4421875 0.41944444444444445 0.4359375 0.41388888888888886
0 0.33125 0.4444444444444444 0.33203125 0.45555555555555555 0.3421875 0.4722222222222222 0.34296875 0.48194444444444445 0.33828125 0.49583333333333335 0.33671875 0.5180555555555556 0.33125 0.5305555555555556 0.3296875 0.5986111111111111 0.33203125 0.6125 0.34453125 0.6305555555555555 0.36640625 0.6277777777777778 0.3953125 0.6541666666666667 0.40859375 0.6569444444444444 0.4125 0.6652777777777777 0.41171875 0.6916666666666667 0.41953125 0.7152777777777778 0.4359375 0.7194444444444444 0.4484375 0.7319444444444444 0.44921875 0.7388888888888889 0.45625 0.7458333333333333 0.45625 0.7541666666666667 0.46015625 0.7597222222222222 0.45625 0.7652777777777777 0.4734375 0.7652777777777777 0.46875 0.7569444444444444 0.46640625 0.7416666666666667 0.47109375 0.7222222222222222 0.46796875 0.7041666666666667 0.47578125 0.6930555555555555 0.46875 0.6875 0.47421875 0.6805555555555556 0.4734375 0.6708333333333333 0.46875 0.6625 0.47421875 0.6541666666666667 0.475 0.625 0.49375 0.5819444444444445 0.49453125 0.5652777777777778 0.5 0.5555555555555556 0.5 0.5472222222222223 0.50625 0.5263888888888889 0.50625 0.5152777777777777 0.5109375 0.5055555555555555 0.51875 0.5055555555555555 0.52734375 0.5152777777777777 0.5421875 0.5194444444444445 0.54375 0.5166666666666667 0.54296875 0.5111111111111111 0.53203125 0.5097222222222222 0.52890625 0.5027777777777778 0.52734375 0.5069444444444444 0.52578125 0.5027777777777778 0.52265625 0.5055555555555555 0.51875 0.5013888888888889 0.525 0.4930555555555556 0.52421875 0.48194444444444445 0.5296875 0.47638888888888886 0.53125 0.45555555555555555 0.5375 0.4444444444444444 0.5375 0.39166666666666666 0.54296875 0.38333333333333336 0.54296875 0.37083333333333335 0.53203125 0.37083333333333335 0.53046875 0.37777777777777777 0.52421875 0.38472222222222224 0.51640625 0.4111111111111111 0.5015625 0.42083333333333334 0.503125 0.42916666666666664 0.49765625 0.4388888888888889 0.49453125 0.43333333333333335 0.48125 0.43333333333333335 0.48203125 0.44722222222222224 0.48671875 0.4583333333333333 0.4828125 0.4638888888888889 0.484375 0.46805555555555556 0.47421875 0.48055555555555557 0.47265625 0.4875 0.46640625 0.49027777777777776 0.46875 0.49583333333333335 0.4671875 0.5013888888888889 0.45625 0.5027777777777778 0.45390625 0.5083333333333333 0.44921875 0.5097222222222222 0.44921875 0.5277777777777778 0.42890625 0.5444444444444444 0.42734375 0.5513888888888889 0.40859375 0.5583333333333333 0.4046875 0.5666666666666667 0.40546875 0.5777777777777777 0.403125 0.5805555555555556 0.3953125 0.5791666666666667 0.3921875 0.5722222222222222 0.38671875 0.5722222222222222 0.38515625 0.5791666666666667 0.37265625 0.5819444444444445 0.36875 0.5777777777777777 0.36875 0.5666666666666667 0.3640625 0.5638888888888889 0.3640625 0.5111111111111111 0.36171875 0.49583333333333335 0.34921875 0.4861111111111111 0.346875 0.4666666666666667 0.3484375 0.45555555555555555 0.33515625 0.4388888888888889 0.33125 0.4444444444444444
0 0.44140625 0.3277777777777778 0.44296875 0.3388888888888889 0.43515625 0.34444444444444444 0.434375 0.35833333333333334 0.43046875 0.3680555555555556 0.42109375 0.3819444444444444 0.40703125 0.38472222222222224 0.4078125 0.39305555555555555 0.4203125 0.3972222222222222 0.4203125 0.4083333333333333 0.421875 0.4 0.425 0.4 0.425 0.4083333333333333 0.42734375 0.40555555555555556 0.425 0.39861111111111114 0.4296875 0.3972222222222222 0.43984375 0.38055555555555554 0.46015625 0.38055555555555554 0.46171875 0.3763888888888889 0.45390625 0.3402777777777778 0.44453125 0.3236111111111111 0.44140625 0.3277777777777778
0 0.32265625 0.24444444444444444 0.32265625 0.25833333333333336 0.33203125 0.2722222222222222 0.35 0.3125 0.3578125 0.31805555555555554 0.3625 0.31527777777777777 0.36484375 0.2986111111111111 0.36796875 0.29305555555555557 0.36640625 0.2569444444444444 0.35390625 0.24444444444444444 0.34453125 0.24722222222222223 0.3328125 0.23472222222222222 0.32265625 0.24444444444444444
0 0.185546875 0.17847222222222223 0.00078125 0.001388888888888889
0 0.1671875 0.10694444444444444 0.16484375 0.11527777777777778 0.17421875 0.11805555555555555 0.17421875 0.10694444444444444 0.1671875 0.10694444444444444
0 0.34453125 0.10555555555555556 0.34453125 0.1111111111111111 0.35078125 0.10833333333333334 0.35078125 0.10277777777777777 0.34453125 0.10555555555555556
0 0.1609375 0.058333333333333334 0.15859375 0.06805555555555555 0.16015625 0.06944444444444445 0.1640625 0.05555555555555555 0.1609375 0.058333333333333334
0 0.09375 0.08472222222222223 0.09375 0.12916666666666668 0.10625 0.1625 0.1171875 0.1763888888888889 0.12109375 0.19583333333333333 0.1359375 0.21944444444444444 0.15625 0.2388888888888889 0.16953125 0.24444444444444444 0.178125 0.25972222222222224 0.1890625 0.2902777777777778 0.20703125 0.3125 0.240625 0.33055555555555555 0.2640625 0.3527777777777778 0.28046875 0.35694444444444445 0.28046875 0.3458333333333333 0.27421875 0.3333333333333333 0.275 0.3125 0.27265625 0.3055555555555556 0.2546875 0.30972222222222223 0.2328125 0.3013888888888889 0.22421875 0.28055555555555556 0.21875 0.2791666666666667 0.21875 0.26666666666666666 0.22109375 0.2611111111111111 0.20546875 0.25555555555555554 0.2 0.25 0.1921875 0.23194444444444445 0.19609375 0.23055555555555557 0.19921875 0.2152777777777778 0.20546875 0.20416666666666666 0.21640625 0.20277777777777778 0.21953125 0.1986111111111111 0.24375 0.20277777777777778 0.25 0.2 0.26640625 0.18055555555555555 0.26171875 0.15 0.2609375 0.09583333333333334 0.25390625 0.0625 0.25390625 0.03333333333333333 0.26875 0.002777777777777778 0.2671875 0.008333333333333333 0.2640625 0.002777777777777778 0.2671875 0.009722222222222222 0.2578125 0.018055555555555554 0.2546875 0.0125 0.25625 0.004166666666666667 0.25078125 0.013888888888888888 0.23828125 0 0.2248046875 0 0.22265625 0.004166666666666667 0.2203125 0 0.21953125 0.14166666666666666 0.215625 0.15 0.21875 0.15833333333333333 0.21640625 0.1638888888888889 0.21875 0.17916666666666667 0.21328125 0.18472222222222223 0.21015625 0.18055555555555555 0.18828125 0.18194444444444444 0.18359375 0.19027777777777777 0.16875 0.19305555555555556 0.16953125 0.20416666666666666 0.1640625 0.20416666666666666 0.16484375 0.19722222222222222 0.15390625 0.19305555555555556 0.153125 0.18333333333333332 0.14296875 0.16944444444444445 0.13984375 0.15694444444444444 0.14296875 0.14444444444444443 0.14140625 0.12916666666666668 0.1375 0.11805555555555555 0.1296875 0.11527777777777778 0.12890625 0.10277777777777777 0.11796875 0.07916666666666666 0.11796875 0.06805555555555555 0.1078125 0.06527777777777778 0.1 0.07222222222222222 0.09375 0.08472222222222223
0 0.15625 0.004166666666666667 0.15625 0.020833333333333332 0.16171875 0.034722222222222224 0.16171875 0.041666666666666664 0.1640625 0.04583333333333333 0.16796875 0.044444444444444446 0.16953125 0.03194444444444444 0.1734375 0.02638888888888889 0.1734375 0.004166666666666667 0.1703125 0 0.16015625 0 0.15625 0.004166666666666667