0 0.0046875 0.9138888888888889 0.004166666666666667 0.9212962962962963 0 0.9259259259259259 0 0.9305555555555556 0.007291666666666667 0.9416666666666667 0.004166666666666667 0.9444444444444444 0.00625 0.962037037037037 0.0020833333333333333 0.9731481481481481 0.00625 0.9777777777777777 0.017708333333333333 0.9777777777777777 0.043229166666666666 0.9694444444444444 0.0734375 0.9712962962962963 0.09479166666666666 0.9666666666666667 0.10104166666666667 0.962037037037037 0.10572916666666667 0.962037037037037 0.1078125 0.9592592592592593 0.10729166666666666 0.9537037037037037 0.1109375 0.9527777777777777 0.09895833333333333 0.9527777777777777 0.0953125 0.9453703703703704 0.09322916666666667 0.9055555555555556 0.084375 0.9074074074074074 0.08177083333333333 0.9120370370370371 0.05260416666666667 0.9138888888888889 0.05 0.9194444444444444 0.04635416666666667 0.9212962962962963 0.03697916666666667 0.9166666666666666 0.029166666666666667 0.9185185185185185 0.025520833333333333 0.9138888888888889
0 0.325 0.9064814814814814 0.32447916666666665 0.9101851851851852 0.3260416666666667 0.9120370370370371 0.33489583333333334 0.9138888888888889 0.3703125 0.9120370370370371 0.371875 0.9055555555555556 0.37552083333333336 0.9101851851851852 0.37552083333333336 0.9055555555555556 0.36302083333333335 0.9046296296296297 0.359375 0.9009259259259259 0.35104166666666664 0.9009259259259259 0.3453125 0.9055555555555556 0.33489583333333334 0.9055555555555556 0.33125 0.9027777777777778
0 0.10833333333333334 0.8981481481481481 0.10677083333333333 0.9009259259259259 0.1078125 0.9083333333333333 0.11197916666666667 0.9138888888888889 0.109375 0.9222222222222223 0.1109375 0.9277777777777778 0.10989583333333333 0.9425925925925925 0.1140625 0.9490740740740741 0.11354166666666667 0.9527777777777777 0.11822916666666666 0.9546296296296296 0.12708333333333333 0.9527777777777777 0.13125 0.9435185185185185 0.134375 0.9425925925925925 0.13489583333333333 0.9481481481481482 0.13958333333333334 0.950925925925926 0.1421875 0.9462962962962963 0.18177083333333333 0.9481481481481482 0.18645833333333334 0.9435185185185185 0.1875 0.9462962962962963 0.18854166666666666 0.9398148148148148 0.19010416666666666 0.9398148148148148 0.1921875 0.9462962962962963 0.19375 0.9416666666666667 0.20416666666666666 0.9416666666666667 0.21302083333333333 0.9324074074074075 0.24479166666666666 0.9351851851851852 0.26197916666666665 0.9259259259259259 0.284375 0.9259259259259259 0.2953125 0.9185185185185185 0.31875 0.9138888888888889 0.3145833333333333 0.9055555555555556 0.3015625 0.9027777777777778 0.2953125 0.8981481481481481 0.29322916666666665 0.8796296296296297 0.2911458333333333 0.8759259259259259 0.2828125 0.8731481481481481 0.2791666666666667 0.8796296296296297 0.27447916666666666 0.8712962962962963 0.26875 0.8694444444444445 0.26458333333333334 0.8592592592592593 0.25677083333333334 0.8601851851851852 0.2484375 0.8694444444444445 0.24375 0.8712962962962963 0.24166666666666667 0.8805555555555555 0.23333333333333334 0.8851851851851852 0.22604166666666667 0.8842592592592593 0.21927083333333333 0.8712962962962963 0.21666666666666667 0.8574074074074074 0.2125 0.8574074074074074 0.20625 0.8638888888888889 0.20104166666666667 0.8731481481481481 0.20260416666666667 0.8759259259259259 0.19791666666666666 0.8796296296296297 0.19739583333333333 0.8842592592592593 0.184375 0.8916666666666667 0.18020833333333333 0.8981481481481481 0.17291666666666666 0.899074074074074 0.16927083333333334 0.9027777777777778 0.1640625 0.9009259259259259 0.14791666666666667 0.8759259259259259 0.1375 0.8777777777777778 0.13020833333333334 0.8842592592592593 0.125 0.8851851851851852 0.11875 0.8981481481481481
0 0.1484375 0.8555555555555555 0.14791666666666667 0.862037037037037 0.15416666666666667 0.8666666666666667 0.15572916666666667 0.8638888888888889 0.16302083333333334 0.862037037037037 0.16145833333333334 0.8574074074074074 0.15625 0.8574074074074074 0.153125 0.8527777777777777 0.14947916666666666 0.8527777777777777
0 0.5916666666666667 0.8462962962962963 0.5911458333333334 0.8481481481481481 0.5973958333333333 0.8527777777777777 0.6015625 0.8518518518518519 0.6057291666666667 0.8555555555555555 0.609375 0.8555555555555555 0.6125 0.850925925925926 0.6125 0.8462962962962963 0.609375 0.8398148148148148 0.60625 0.8398148148148148 0.6046875 0.8462962962962963
0 0.5703125 0.8351851851851851 0.5677083333333334 0.8416666666666667 0.5625 0.8444444444444444 0.5723958333333333 0.8555555555555555 0.5744791666666667 0.8555555555555555 0.5734375 0.8490740740740741 0.5770833333333333 0.8481481481481481 0.5786458333333333 0.8435185185185186 0.58125 0.85 0.5802083333333333 0.8435185185185186 0.5734375 0.8416666666666667
0 0.5809895833333333 0.8268518518518518 0.0005208333333333333 0.001851851851851852
0 0.0005208333333333333 0.8041666666666667 0.0010416666666666667 0.002777777777777778
0 0.11197916666666667 0.8009259259259259 0.1125 0.8074074074074075 0.11354166666666667 0.8055555555555556
0 0.057291666666666664 0.7564814814814815 0.05572916666666667 0.7685185185185185 0.06197916666666667 0.7731481481481481 0.07291666666666667 0.7731481481481481 0.07447916666666667 0.7796296296296297 0.07864583333333333 0.7824074074074074 0.07395833333333333 0.7861111111111111 0.078125 0.787962962962963 0.0796875 0.7935185185185185 0.08802083333333334 0.7870370370370371 0.08802083333333334 0.7759259259259259 0.0921875 0.7722222222222223 0.09375 0.7666666666666667 0.09270833333333334 0.7398148148148148 0.08645833333333333 0.7351851851851852 0.08072916666666667 0.7351851851851852 0.06822916666666666 0.7462962962962963 0.0625 0.7481481481481481
0 0.4510416666666667 0.7398148148148148 0.4479166666666667 0.7537037037037037 0.4479166666666667 0.7648148148148148 0.4557291666666667 0.7712962962962963 0.4635416666666667 0.7731481481481481 0.4713541666666667 0.7842592592592592 0.4953125 0.8 0.4979166666666667 0.812037037037037 0.5078125 0.8240740740740741 0.509375 0.8435185185185186 0.5151041666666667 0.8601851851851852 0.53125 0.8601851851851852 0.5375 0.8555555555555555 0.5411458333333333 0.8425925925925926 0.5432291666666667 0.8462962962962963 0.540625 0.8388888888888889 0.5432291666666667 0.8351851851851851 0.5432291666666667 0.8175925925925925 0.5453125 0.812037037037037 0.5578125 0.812037037037037 0.5880208333333333 0.8185185185185185 0.5984375 0.8166666666666667 0.6072916666666667 0.8231481481481482 0.6078125 0.8277777777777777 0.6098958333333333 0.8277777777777777 0.6145833333333334 0.8194444444444444 0.6234375 0.8185185185185185 0.6286458333333333 0.812037037037037 0.6286458333333333 0.7981481481481482 0.6265625 0.7898148148148149 0.6177083333333333 0.7870370370370371 0.6104166666666667 0.7805555555555556 0.6067708333333334 0.775 0.5984375 0.7509259259259259 0.5645833333333333 0.7509259259259259 0.5625 0.7462962962962963 0.5625 0.7277777777777777 0.5739583333333333 0.7074074074074074 0.5786458333333333 0.7027777777777777 0.5817708333333333 0.6944444444444444 0.58125 0.6805555555555556 0.5770833333333333 0.6722222222222223 0.5755208333333334 0.6638888888888889 0.5776041666666667 0.6509259259259259 0.5744791666666667 0.6435185185185185 0.5765625 0.6370370370370371 0.5682291666666667 0.6305555555555555 0.5614583333333333 0.6351851851851852 0.5609375 0.6398148148148148 0.55625 0.6435185185185185 0.5546875 0.6481481481481481 0.5520833333333334 0.6481481481481481 0.5489583333333333 0.6601851851851852 0.5359375 0.6638888888888889 0.5322916666666667 0.6712962962962963 0.5307291666666667 0.6814814814814815 0.5177083333333333 0.6916666666666667 0.5135416666666667 0.6990740740740741 0.5083333333333333 0.7231481481481481 0.5046875 0.7296296296296296 0.4859375 0.7305555555555555 0.48333333333333334 0.7277777777777777 0.4703125 0.7388888888888889 0.4625 0.7416666666666667
0 0.18489583333333334 0.48333333333333334 0.18125 0.5009259259259259 0.171875 0.5138888888888888 0.17395833333333333 0.5268518518518519 0.18177083333333333 0.5305555555555556 0.20260416666666667 0.5296296296296297 0.20416666666666666 0.5231481481481481 0.20364583333333333 0.5046296296296297 0.2 0.49444444444444446 0.18958333333333333 0.4824074074074074
0 0.8270833333333333 0.5879629629629629 0.8270833333333333 0.5981481481481481 0.8442708333333333 0.6351851851851852 0.8557291666666667 0.6416666666666667 0.8651041666666667 0.6509259259259259 0.8791666666666667 0.6481481481481481 0.9114583333333334 0.6509259259259259 0.9296875 0.6462962962962963 0.9348958333333334 0.6370370370370371 0.9364583333333333 0.6212962962962963 0.9338541666666667 0.6 0.9380208333333333 0.5935185185185186 0.95625 0.5916666666666667 0.9609375 0.5842592592592593 0.9614583333333333 0.5777777777777777 0.9578125 0.5611111111111111 0.9578125 0.5518518518518518 0.9609375 0.5388888888888889 0.9666666666666667 0.5342592592592592 0.9708333333333333 0.5212962962962963 0.971875 0.5120370370370371 0.96875 0.49907407407407406 0.971875 0.4935185185185185 0.9760416666666667 0.46296296296296297 0.9802083333333333 0.4546296296296296 0.9796875 0.4351851851851852 0.9619791666666667 0.4101851851851852 0.9442708333333333 0.4101851851851852 0.9385416666666667 0.41388888888888886 0.9322916666666666 0.42777777777777776 0.9359375 0.4777777777777778 0.9286458333333333 0.5083333333333333 0.9505208333333334 0.5101851851851852 0.9515625 0.5148148148148148 0.9265625 0.5185185185185185 0.9239583333333333 0.5231481481481481 0.9171875 0.524074074074074 0.9041666666666667 0.5324074074074074 0.8864583333333333 0.5324074074074074 0.884375 0.5351851851851852 0.8723958333333334 0.5370370370370371 0.86875 0.5435185185185185 0.8416666666666667 0.5462962962962963 0.8369791666666667 0.5518518518518518 0.8390625 0.562037037037037 0.8375 0.5712962962962963 0.8322916666666667 0.575925925925926
0 0.10572916666666667 0.7277777777777777 0.1046875 0.7388888888888889 0.10625 0.7444444444444445 0.10677083333333333 0.7712962962962963 0.1109375 0.7759259259259259 0.12135416666666667 0.7805555555555556 0.12239583333333333 0.7851851851851852 0.125 0.7870370370370371 0.13020833333333334 0.7824074074074074 0.13489583333333333 0.8 0.14791666666666667 0.8027777777777778 0.1609375 0.7981481481481482 0.16875 0.8027777777777778 0.175 0.8027777777777778 0.1796875 0.8009259259259259 0.18645833333333334 0.7916666666666666 0.1984375 0.7888888888888889 0.20416666666666666 0.7805555555555556 0.2140625 0.8 0.21145833333333333 0.8138888888888889 0.20572916666666666 0.8194444444444444 0.2125 0.8231481481481482 0.21666666666666667 0.8305555555555556 0.22083333333333333 0.8296296296296296 0.2234375 0.8324074074074074 0.23958333333333334 0.8194444444444444 0.24895833333333334 0.8212962962962963 0.25052083333333336 0.8185185185185185 0.26197916666666665 0.8185185185185185 0.26875 0.8138888888888889 0.2786458333333333 0.8138888888888889 0.28125 0.812037037037037 0.28229166666666666 0.8074074074074075 0.2864583333333333 0.8055555555555556 0.28854166666666664 0.7953703703703704 0.2911458333333333 0.7935185185185185 0.2921875 0.787962962962963 0.3020833333333333 0.7805555555555556 0.30625 0.7842592592592592 0.33645833333333336 0.7842592592592592 0.3546875 0.7777777777777778 0.37447916666666664 0.7777777777777778 0.37916666666666665 0.7805555555555556 0.390625 0.7805555555555556 0.39739583333333334 0.7851851851851852 0.4 0.7916666666666666 0.39947916666666666 0.8074074074074075 0.40572916666666664 0.8074074074074075 0.41302083333333334 0.8009259259259259 0.43333333333333335 0.8 0.43697916666666664 0.7935185185185185 0.43854166666666666 0.7833333333333333 0.4427083333333333 0.7759259259259259 0.44166666666666665 0.7638888888888888 0.43802083333333336 0.7583333333333333 0.4401041666666667 0.7546296296296297 0.4375 0.7518518518518519 0.4375 0.7435185185185185 0.44166666666666665 0.7398148148148148 0.44114583333333335 0.737037037037037 0.44427083333333334 0.7296296296296296 0.446875 0.7046296296296296 0.4453125 0.7027777777777777 0.44114583333333335 0.6657407407407407 0.4473958333333333 0.6509259259259259 0.44947916666666665 0.6296296296296297 0.4515625 0.6259259259259259 0.45208333333333334 0.6092592592592593 0.4473958333333333 0.5851851851851851 0.44114583333333335 0.5731481481481482 0.4270833333333333 0.5601851851851852 0.4203125 0.5601851851851852 0.4171875 0.5574074074074075 0.41458333333333336 0.5527777777777778 0.4140625 0.5425925925925926 0.42083333333333334 0.5305555555555556 0.4234375 0.5305555555555556 0.4265625 0.5231481481481481 0.434375 0.5138888888888888 0.4348958333333333 0.4925925925925926 0.44114583333333335 0.4759259259259259 0.4432291666666667 0.45740740740740743 0.44947916666666665 0.44814814814814813 0.4583333333333333 0.4462962962962963 0.46822916666666664 0.43703703703703706 0.4703125 0.412962962962963 0.4791666666666667 0.387037037037037 0.478125 0.36666666666666664 0.4744791666666667 0.35555555555555557 0.4666666666666667 0.3416666666666667 0.45989583333333334 0.3351851851851852 0.453125 0.3435185185185185 0.4354166666666667 0.337037037037037 0.4265625 0.34444444444444444 0.42552083333333335 0.3592592592592593 0.4270833333333333 0.37222222222222223 0.42239583333333336 0.3851851851851852 0.421875 0.3962962962962963 0.425 0.41203703703703703 0.43125 0.41388888888888886 0.43125 0.425 0.4296875 0.42962962962962964 0.41875 0.4398148148148148 0.41510416666666666 0.45 0.4083333333333333 0.4564814814814815 0.403125 0.4666666666666667 0.3890625 0.4777777777777778 0.3848958333333333 0.48703703703703705 0.38333333333333336 0.5009259259259259 0.3776041666666667 0.5166666666666667 0.3776041666666667 0.5296296296296297 0.3734375 0.549074074074074 0.375 0.562037037037037 0.3802083333333333 0.5694444444444444 0.3848958333333333 0.5842592592592593 0.384375 0.5944444444444444 0.3802083333333333 0.6 0.3734375 0.600925925925926 0.3692708333333333 0.5944444444444444 0.3703125 0.587037037037037 0.3645833333333333 0.5796296296296296 0.3614583333333333 0.5601851851851852 0.3578125 0.5546296296296296 0.3567708333333333 0.5324074074074074 0.3546875 0.5259259259259259 0.34739583333333335 0.524074074074074 0.33697916666666666 0.5324074074074074 0.3302083333333333 0.5342592592592592 0.32083333333333336 0.5305555555555556 0.31614583333333335 0.5231481481481481 0.3104166666666667 0.5212962962962963 0.29583333333333334 0.5398148148148149 0.29322916666666665 0.5472222222222223 0.290625 0.5638888888888889 0.28802083333333334 0.5694444444444444 0.28958333333333336 0.5842592592592593 0.28854166666666664 0.6046296296296296 0.2833333333333333 0.6129629629629629 0.2796875 0.6370370370370371 0.2765625 0.6462962962962963 0.26875 0.6638888888888889 0.2515625 0.6712962962962963 0.24583333333333332 0.6796296296296296 0.24427083333333333 0.6907407407407408 0.24166666666666667 0.6944444444444444 0.24114583333333334 0.6916666666666667 0.23958333333333334 0.6981481481481482 0.24114583333333334 0.7027777777777777 0.2390625 0.7055555555555556 0.23697916666666666 0.7212962962962963 0.2234375 0.7194444444444444 0.21666666666666667 0.7074074074074074 0.209375 0.7074074074074074 0.19947916666666668 0.7166666666666667 0.19010416666666666 0.7138888888888889 0.18645833333333334 0.7185185185185186 0.18177083333333333 0.7185185185185186 0.178125 0.7157407407407408 0.17864583333333334 0.712037037037037 0.17447916666666666 0.7092592592592593 0.17916666666666667 0.6981481481481482 0.18125 0.6759259259259259 0.18177083333333333 0.6435185185185185 0.18020833333333333 0.6361111111111111 0.18020833333333333 0.6185185185185185 0.178125 0.6101851851851852 0.17395833333333333 0.6046296296296296 0.17447916666666666 0.5898148148148148 0.16875 0.5824074074074074 0.1640625 0.5824074074074074 0.15625 0.5944444444444444 0.15625 0.6 0.15416666666666667 0.600925925925926 0.15520833333333334 0.6046296296296296 0.15 0.6083333333333333 0.15208333333333332 0.6361111111111111 0.14322916666666666 0.6694444444444444 0.14375 0.6888888888888889 0.1484375 0.7064814814814815 0.146875 0.7212962962962963 0.140625 0.7305555555555555 0.1328125 0.7305555555555555 0.12291666666666666 0.7194444444444444 0.11875 0.7074074074074074 0.11614583333333334 0.7074074074074074 0.11145833333333334 0.712037037037037 0.10989583333333333 0.7212962962962963
0 0.7375 0.021296296296296296 0.7317708333333334 0.06574074074074074 0.7322916666666667 0.07962962962962963 0.7244791666666667 0.11388888888888889 0.71875 0.12777777777777777 0.7177083333333333 0.14351851851851852 0.7104166666666667 0.15555555555555556 0.6947916666666667 0.16203703703703703 0.6911458333333333 0.17037037037037037 0.6911458333333333 0.1925925925925926 0.6973958333333333 0.21944444444444444 0.696875 0.22962962962962963 0.6947916666666667 0.2351851851851852 0.6901041666666666 0.24166666666666667 0.6838541666666667 0.24166666666666667 0.6723958333333333 0.22592592592592592 0.6554166666666668 0.22314814814814815 0.6546875 0.22777777777777777 0.6520833333333333 0.2212962962962963 0.6489583333333333 0.2212962962962963 0.659375 0.23703703703703705 0.6604166666666667 0.25092592592592594 0.65625 0.2759259259259259 0.65625 0.3 0.6520833333333333 0.32037037037037036 0.6526041666666667 0.33425925925925926 0.6609375 0.3351851851851852 0.6625 0.33425925925925926 0.6635416666666667 0.3277777777777778 0.6765625 0.32314814814814813 0.6880208333333333 0.32314814814814813 0.6953125 0.31851851851851853 0.7151041666666667 0.3194444444444444 0.7239583333333334 0.32314814814814813 0.7265625 0.3277777777777778 0.7505208333333333 0.3435185185185185 0.7583333333333333 0.34629629629629627 0.76875 0.36203703703703705 0.7723958333333333 0.36203703703703705 0.7796875 0.3685185185185185 0.7958333333333333 0.40185185185185185 0.7958333333333333 0.44166666666666665 0.8046875 0.45555555555555555 0.8046875 0.4722222222222222 0.8072916666666666 0.4842592592592593 0.8135416666666667 0.4935185185185185 0.8223958333333333 0.4962962962962963 0.8265625 0.5009259259259259 0.8390625 0.524074074074074 0.8416666666666667 0.5388888888888889 0.8494791666666667 0.5370370370370371 0.8515625 0.5305555555555556 0.8682291666666667 0.5305555555555556 0.8729166666666667 0.5259259259259259 0.8760416666666667 0.5277777777777778 0.8854166666666666 0.524074074074074 0.9109375 0.5212962962962963 0.9182291666666667 0.5185185185185185 0.9229166666666667 0.5101851851851852 0.9239583333333333 0.5120370370370371 0.9244791666666666 0.5101851851851852 0.9182291666666667 0.5046296296296297 0.9161458333333333 0.44907407407407407 0.9192708333333334 0.42592592592592593 0.9109375 0.39537037037037037 0.9109375 0.3731481481481482 0.9052083333333333 0.36203703703703705 0.8942708333333333 0.3574074074074074 0.8838541666666667 0.34814814814814815 0.8729166666666667 0.34629629629629627 0.8677083333333333 0.3388888888888889 0.8567708333333334 0.3351851851851852 0.8505208333333333 0.3194444444444444 0.8427083333333333 0.3101851851851852 0.8322916666666667 0.3101851851851852 0.8239583333333333 0.3212962962962963 0.81875 0.32314814814814813 0.8 0.3212962962962963 0.7942708333333334 0.31203703703703706 0.7927083333333333 0.2962962962962963 0.7859375 0.2851851851851852 0.7817708333333333 0.26851851851851855 0.775 0.22037037037037038 0.7744791666666667 0.18888888888888888 0.7765625 0.18518518518518517 0.7770833333333333 0.17222222222222222 0.7796875 0.1685185185185185 0.7859375 0.16666666666666666 0.8046875 0.16944444444444445 0.8375 0.1685185185185185 0.8411458333333334 0.1638888888888889 0.8427083333333333 0.1574074074074074 0.8395833333333333 0.14722222222222223 0.8380208333333333 0.13333333333333333 0.8385416666666666 0.11481481481481481 0.8369791666666667 0.11018518518518519 0.8192708333333333 0.09351851851851851 0.8083333333333333 0.07222222222222222 0.8041666666666667 0.05277777777777778 0.8 0.04814814814814815 0.7875 0.044444444444444446 0.7802083333333333 0.044444444444444446 0.775 0.04814814814814815 0.7723958333333333 0.046296296296296294 0.7619791666666667 0.018518518518518517 0.7411458333333333 0.018518518518518517