0 0.8 0.9263888888888889 0.80078125 0.9513888888888888 0.8078125 0.9527777777777777 0.8125 0.9444444444444444 0.80390625 0.925
0 0.86875 0.9472222222222222 0.8703125 0.9555555555555556 0.8671875 0.9583333333333334 0.8671875 0.9666666666666667 0.8734375 0.9722222222222222 0.87890625 0.9652777777777778 0.89375 0.9972222222222222 0.909375 0.9930555555555556 0.90703125 0.9847222222222223 0.89765625 0.9722222222222222 0.8846351562500001 0.9680555555555556 0.87890625 0.9597222222222223 0.89140625 0.9527777777777777 0.8984375 0.9430555555555555 0.90078125 0.9388888888888889 0.89921875 0.9263888888888889 0.89296875 0.9222222222222223 0.8921875 0.9291666666666667 0.8859375 0.9402777777777778 0.88125 0.9402777777777778 0.87578125 0.9333333333333333
0 0.60390625 0.8569444444444444 0.60390625 0.8666666666666667 0.615625 0.8680555555555556 0.625 0.8805555555555555 0.65859375 0.8777777777777778 0.684375 0.8944444444444445 0.7078125 0.9458333333333333 0.71328125 0.9430555555555555 0.7234375 0.9180555555555555 0.7234375 0.9138888888888889 0.7140625 0.9125 0.70546875 0.9013888888888889 0.70390625 0.8805555555555555 0.68984375 0.8444444444444444 0.67890625 0.8430555555555556 0.66796875 0.85 0.64921875 0.8472222222222222 0.6421875 0.8513888888888889 0.62578125 0.8458333333333333 0.61484375 0.8347222222222223
0 0.68515625 0.7722222222222223 0.68359375 0.7805555555555556 0.68671875 0.7833333333333333 0.6890625 0.7777777777777778
0 0.45 0.7736111111111111 0.44453125 0.7805555555555556 0.44453125 0.7902777777777777 0.45078125 0.8013888888888889 0.4625 0.8083333333333333 0.4828125 0.8527777777777777 0.496875 0.8569444444444444 0.5015625 0.8652777777777778 0.51328125 0.8722222222222222 0.5375 0.8680555555555556 0.5453125 0.8569444444444444 0.5578125 0.8555555555555555 0.55703125 0.8444444444444444 0.5484375 0.8430555555555556 0.53671875 0.8236111111111111 0.53046875 0.8208333333333333 0.52109375 0.8194444444444444 0.51171875 0.8305555555555556 0.50078125 0.8305555555555556 0.48671875 0.8027777777777778 0.47734375 0.7930555555555555 0.4734375 0.7819444444444444 0.4609375 0.7722222222222223
0 0.4765625 0.7055555555555556 0.47578125 0.7083333333333334 0.48125 0.7083333333333334
0 0.4640625 0.6513888888888889 0.4625 0.6541666666666667 0.4734375 0.6541666666666667
0 0.5296875 0.5388888888888889 0.52734375 0.5388888888888889 0.52734375 0.5430555555555555 0.53046875 0.5430555555555555
0 0.58046875 0.5444444444444444 0.58046875 0.55 0.5765625 0.5541666666666667 0.5796875 0.5625 0.5765625 0.5694444444444444 0.5796875 0.5722222222222222 0.5796875 0.5777777777777777 0.59140625 0.5777777777777777 0.59453125 0.5805555555555556 0.59375 0.5847222222222223 0.6234375 0.5555555555555556 0.61875 0.5569444444444445 0.61796875 0.5458333333333333 0.60546875 0.5347222222222222 0.58671875 0.5388888888888889
0 0.37265625 0.4777777777777778 0.3703125 0.49027777777777776 0.37578125 0.49722222222222223 0.37890625 0.49166666666666664 0.37890625 0.48333333333333334 0.37578125 0.4736111111111111
0 0.66171875 0.4361111111111111 0.6578125 0.44583333333333336 0.659375 0.45555555555555555 0.665625 0.45694444444444443 0.66796875 0.4625 0.67890625 0.4638888888888889 0.6875 0.45416666666666666 0.6875 0.44027777777777777 0.68125 0.4305555555555556 0.6703125 0.4305555555555556
0 0.5453125 0.45555555555555555 0.55078125 0.46944444444444444 0.5453125 0.4722222222222222 0.54140625 0.4861111111111111 0.5453125 0.4930555555555556 0.55078125 0.49444444444444446 0.55234375 0.5027777777777778 0.571875 0.5041666666666667 0.575 0.49444444444444446 0.5796875 0.49166666666666664 0.58203125 0.4708333333333333 0.57578125 0.45416666666666666 0.57734375 0.44722222222222224 0.56953125 0.4388888888888889 0.56875 0.4305555555555556 0.55546875 0.42777777777777776 0.55078125 0.43194444444444446 0.5484375 0.4513888888888889
0 0.38203125 0.3861111111111111 0.3828125 0.3888888888888889 0.37734375 0.3958333333333333 0.37265625 0.39305555555555555 0.37734375 0.3972222222222222 0.37265625 0.4041666666666667 0.37890625 0.4 0.38125 0.40555555555555556 0.3859375 0.4041666666666667 0.384375 0.39861111111111114 0.38984375 0.38472222222222224
0 0.30703125 0.35555555555555557 0.30625 0.3597222222222222 0.3109375 0.36944444444444446 0.31015625 0.38333333333333336 0.3234375 0.3763888888888889 0.31953125 0.35694444444444445 0.3125 0.35555555555555557 0.309375 0.3638888888888889
0 0.56875 0.34305555555555556 0.56796875 0.3472222222222222 0.57265625 0.3458333333333333
0 0.5640625 0.33055555555555555 0.55859375 0.33055555555555555 0.5609375 0.34305555555555556 0.5703125 0.3388888888888889
0 0.3890625 0.3333333333333333 0.38828125 0.3402777777777778 0.384375 0.34444444444444444 0.38515625 0.3527777777777778 0.39375 0.3527777777777778 0.39765625 0.3625 0.41015625 0.33055555555555555 0.4078125 0.3347222222222222 0.4015625 0.33055555555555555 0.39296875 0.3375
0 0.3046875 0.4 0.30703125 0.4166666666666667 0.31640625 0.4388888888888889 0.3109375 0.49444444444444446 0.30390625 0.5236111111111111 0.3078125 0.5763888888888888 0.31875 0.5958333333333333 0.34375 0.5930555555555556 0.36328125 0.6138888888888889 0.38359375 0.6180555555555556 0.3875 0.6277777777777778 0.39453125 0.6347222222222222 0.39375 0.6569444444444444 0.40078125 0.6819444444444445 0.40625 0.6888888888888889 0.425 0.6930555555555555 0.43203125 0.7152777777777778 0.43671875 0.7194444444444444 0.4390625 0.7388888888888889 0.45 0.7430555555555556 0.46171875 0.7375 0.46171875 0.7319444444444444 0.45390625 0.7305555555555555 0.45078125 0.7194444444444444 0.45234375 0.6972222222222222 0.45546875 0.6916666666666667 0.45 0.6875 0.44921875 0.6777777777777778 0.4515625 0.6694444444444444 0.44765625 0.6569444444444444 0.45078125 0.6472222222222223 0.46171875 0.6430555555555556 0.46015625 0.6347222222222222 0.4625 0.6236111111111111 0.45859375 0.6180555555555556 0.46015625 0.6097222222222223 0.45625 0.5972222222222222 0.46328125 0.5930555555555556 0.46875 0.6 0.4734375 0.6 0.46953125 0.5944444444444444 0.47109375 0.5833333333333334 0.4671875 0.5680555555555555 0.47578125 0.5430555555555555 0.4765625 0.5111111111111111 0.48046875 0.5041666666666667 0.48046875 0.49722222222222223 0.4875 0.49166666666666664 0.5 0.46805555555555556 0.50546875 0.47638888888888886 0.51328125 0.48055555555555557 0.51796875 0.48055555555555557 0.51875 0.4736111111111111 0.5265625 0.4777777777777778 0.5328125 0.4722222222222222 0.53125 0.46805555555555556 0.525 0.46805555555555556 0.51484375 0.4513888888888889 0.51171875 0.44027777777777777 0.51484375 0.4305555555555556 0.5140625 0.4111111111111111 0.52890625 0.39305555555555555 0.51875 0.36666666666666664 0.51953125 0.3541666666666667 0.525 0.3458333333333333 0.52890625 0.3458333333333333 0.52421875 0.3416666666666667 0.52265625 0.31666666666666665 0.51875 0.3125 0.51171875 0.32222222222222224 0.51015625 0.3347222222222222 0.5015625 0.3541666666666667 0.49765625 0.35694444444444445 0.49375 0.36944444444444446 0.4875 0.3736111111111111 0.4859375 0.3888888888888889 0.48125 0.39861111111111114 0.46953125 0.40694444444444444 0.47109375 0.4152777777777778 0.4671875 0.4263888888888889 0.45078125 0.42777777777777776 0.44375 0.43333333333333335 0.446875 0.44305555555555554 0.44296875 0.44722222222222224 0.446875 0.4527777777777778 0.44140625 0.4597222222222222 0.44140625 0.4666666666666667 0.4453125 0.46944444444444444 0.4421875 0.475 0.44453125 0.48055555555555557 0.4421875 0.4888888888888889 0.4265625 0.4930555555555556 0.42578125 0.49722222222222223 0.41796875 0.5 0.40234375 0.5152777777777777 0.3921875 0.5180555555555556 0.3875 0.5236111111111111 0.38671875 0.5208333333333334 0.38515625 0.5347222222222222 0.38203125 0.5402777777777777 0.36953125 0.5291666666666667 0.3625 0.5319444444444444 0.3578125 0.5402777777777777 0.3515625 0.5388888888888889 0.35078125 0.5486111111111112 0.3453125 0.55 0.3421875 0.5263888888888889 0.33828125 0.5194444444444445 0.3375 0.49444444444444446 0.3484375 0.4875 0.35 0.46944444444444444 0.33515625 0.44166666666666665 0.33046875 0.4388888888888889 0.3296875 0.42777777777777776 0.32421875 0.42083333333333334 0.321875 0.3972222222222222 0.31015625 0.3902777777777778 0.30703125 0.39166666666666666
0 0.41171875 0.3055555555555556 0.4109375 0.3236111111111111 0.4234375 0.31805555555555554 0.4296875 0.3236111111111111 0.43203125 0.32083333333333336 0.43203125 0.29305555555555557 0.42734375 0.2791666666666667 0.42265625 0.2875 0.42265625 0.30277777777777776
0 0.3 0.19722222222222222 0.29921875 0.20694444444444443 0.3046875 0.21805555555555556 0.30546875 0.22916666666666666 0.31015625 0.23055555555555557 0.3125 0.24444444444444444 0.31875 0.25277777777777777 0.334375 0.25972222222222224 0.34375 0.24305555555555555 0.3421875 0.22083333333333333 0.3375 0.20833333333333334 0.31796875 0.21666666666666667 0.31015625 0.21388888888888888 0.3109375 0.20833333333333334
0 0.309375 0.04861111111111111 0.3078125 0.05555555555555555 0.31796875 0.05555555555555555 0.3203125 0.043055555555555555 0.31640625 0.041666666666666664
0 0.0453125 0.04027777777777778 0.04453125 0.07916666666666666 0.05703125 0.10694444444444444 0.07265625 0.13194444444444445 0.08046875 0.15694444444444444 0.09375 0.17777777777777778 0.1125 0.19166666666666668 0.12578125 0.19583333333333333 0.134375 0.20555555555555555 0.15 0.24583333333333332 0.1765625 0.2763888888888889 0.196875 0.28194444444444444 0.20234375 0.2916666666666667 0.2171875 0.2972222222222222 0.21953125 0.30277777777777776 0.2375 0.31527777777777777 0.24921875 0.3125 0.25 0.30277777777777776 0.24375 0.2847222222222222 0.2375 0.28055555555555556 0.22578125 0.28194444444444444 0.21171875 0.2722222222222222 0.2046875 0.275 0.2 0.26805555555555555 0.19375 0.26666666666666666 0.1875 0.25555555555555554 0.18046875 0.22777777777777777 0.17421875 0.21805555555555556 0.1640625 0.2152777777777778 0.15078125 0.19305555555555556 0.11953125 0.16944444444444445 0.1109375 0.14305555555555555 0.1 0.12916666666666668 0.0921875 0.09722222222222222 0.08671875 0.09305555555555556 0.075 0.06944444444444445 0.07265625 0.044444444444444446 0.0609375 0.006944444444444444 0.05625 0.009722222222222222 0.05390625 0.022222222222222223
0 0.1890625 0.09305555555555556 0.1890625 0.12777777777777777 0.1921875 0.14027777777777778 0.21171875 0.14166666666666666 0.21640625 0.1375 0.21875 0.13055555555555556 0.2171875 0.10138888888888889 0.2203125 0.08472222222222223 0.2234375 0.08055555555555556 0.22421875 0.04722222222222222 0.21875 0.030555555555555555 0.21796875 0.015277777777777777 0.21015625 0 0.20546875 0 0.2046875 0.029166666666666667 0.20234375 0.03194444444444444 0.20390625 0.04722222222222222 0.2 0.06805555555555555 0.1953125 0.07222222222222222