0 0.24004683840749413 0.6208333333333333 0.2388758782201405 0.6333333333333333 0.2505854800936768 0.64375 0.24824355971896955 0.6229166666666667 0.2611241217798595 0.6208333333333333 0.2775175644028103 0.6270833333333333 0.275175644028103 0.6458333333333334 0.26229508196721313 0.6458333333333334 0.2997658079625293 0.6541666666666667 0.29156908665105385 0.6270833333333333 0.30562060889929743 0.6354166666666666 0.30679156908665106 0.6541666666666667 0.319672131147541 0.65 0.31733021077283374 0.6375 0.30679156908665106 0.6375 0.30327868852459017 0.6270833333333333 0.27634660421545665 0.625 0.26697892271662765 0.6145833333333334
0 0.6569086651053864 0.6541666666666667 0.6522248243559718 0.6666666666666666 0.6405152224824356 0.66875 0.6405152224824356 0.6770833333333334 0.6241217798594848 0.68125 0.6241217798594848 0.6895833333333333 0.6319285714285715 0.6916666666666667 0.639344262295082 0.6791666666666667 0.6385632318501171 0.6916666666666667 0.6463700234192038 0.69375 0.6639344262295082 0.6916666666666667 0.6709601873536299 0.6833333333333333 0.6779859484777517 0.6916666666666667 0.680327868852459 0.6875 0.6791569086651054 0.6666666666666666 0.667447306791569 0.6666666666666666 0.6651053864168618 0.6520833333333333
0 0.4519906323185012 0.775 0.44730679156908665 0.7791666666666667 0.4613583138173302 0.7875 0.45550351288056207 0.775 0.4707259953161593 0.7708333333333334 0.4672131147540984 0.7875 0.4997072599531616 0.7895833333333333 0.5058548009367682 0.7708333333333334 0.5117096018735363 0.7770833333333333 0.5064402810304449 0.7895833333333333 0.5131733021077284 0.7895833333333333 0.5140515222482436 0.7791666666666667 0.5199063231850117 0.7895833333333333 0.5257611241217799 0.7854166666666667 0.48360655737704916 0.75 0.477751756440281 0.7604166666666666
0 0.02224824355971897 0.7 0.01990632318501171 0.7145833333333333 0.0117096018735363 0.7229166666666667 0.01522248243559719 0.75 0.01990632318501171 0.7541666666666667 0.08782201405152225 0.7479166666666667 0.0936768149882904 0.7208333333333333 0.10070257611241218 0.7208333333333333 0.09718969555035128 0.7458333333333333 0.12295081967213115 0.74375 0.117096018735363 0.7125 0.13348946135831383 0.7166666666666667 0.1323185011709602 0.7416666666666667 0.14754098360655737 0.7375 0.14168618266978922 0.7166666666666667 0.1557377049180328 0.71875 0.15456674473067916 0.7375 0.15690866510538642 0.7208333333333333 0.16510538641686182 0.7208333333333333 0.1619824355971897 0.7354166666666667 0.18501170960187355 0.7375 0.18618266978922718 0.7145833333333333 0.19672131147540983 0.7145833333333333 0.202576112412178 0.7229166666666667 0.19437939110070257 0.7375 0.20725995316159251 0.7354166666666667 0.20843091334894615 0.7270833333333333 0.21428571428571427 0.7270833333333333 0.21311475409836064 0.7354166666666667 0.2189695550351288 0.7229166666666667 0.21428571428571427 0.7333333333333333 0.26229508196721313 0.7333333333333333 0.2459016393442623 0.7208333333333333 0.23653395784543327 0.7333333333333333 0.24004683840749413 0.7125 0.22716627634660422 0.7104166666666667 0.2154566744730679 0.725 0.20491803278688525 0.725 0.1955503512880562 0.7125 0.1756440281030445 0.7166666666666667 0.17447306791569087 0.7354166666666667 0.16822833723653396 0.7354166666666667 0.16627634660421545 0.71875 0.07962529274004684 0.7020833333333333 0.07142857142857142 0.69375 0.053864168618266976 0.7020833333333333 0.03161592505854801 0.6958333333333333
0 0.5011709601873536 0.5958333333333333 0.49765807962529274 0.5979166666666667 0.49765807962529274 0.6395833333333333 0.5140515222482436 0.65 0.5597189695550351 0.6520833333333333 0.5866510538641686 0.6479166666666667 0.5936768149882904 0.6104166666666667 0.5983606557377049 0.6166666666666667 0.6018735362997658 0.6125 0.6088992974238876 0.6270833333333333 0.5983606557377049 0.6375 0.5971896955503513 0.6479166666666667 0.6007025761124122 0.6395833333333333 0.6088992974238876 0.6395833333333333 0.6100702576112412 0.625 0.6182669789227166 0.6166666666666667 0.6498829039812647 0.6083333333333333 0.6533957845433255 0.5875 0.6451990632318502 0.58125 0.6112412177985949 0.58125 0.6007025761124122 0.5895833333333333 0.5995316159250585 0.5958333333333333 0.6042154566744731 0.6020833333333333 0.6018735362997658 0.6104166666666667 0.5866510538641686 0.6104166666666667 0.5737704918032787 0.58125 0.5562060889929742 0.5729166666666666 0.5468384074941453 0.58125 0.550351288056206 0.5916666666666667 0.5433255269320844 0.6104166666666667 0.5398126463700235 0.5979166666666667 0.5257611241217799 0.6020833333333333 0.5187353629976581 0.5958333333333333
0 0.32201405152224827 0.6208333333333333 0.3231850117096019 0.6333333333333333 0.3325526932084309 0.65 0.3629976580796253 0.6895833333333333 0.3618266978922717 0.7041666666666667 0.3665105386416862 0.7125 0.36768149882903983 0.7291666666666666 0.36065573770491804 0.7375 0.3477751756440281 0.7395833333333334 0.3407494145199063 0.7479166666666667 0.3407494145199063 0.7583333333333333 0.2939110070257611 0.7645833333333333 0.28805620608899296 0.7791666666666667 0.2892271662763466 0.8041666666666667 0.265807962529274 0.8104166666666667 0.26229508196721313 0.8208333333333333 0.2681498829039813 0.8333333333333334 0.275175644028103 0.80625 0.2775175644028103 0.8354166666666667 0.30327868852459017 0.8479166666666667 0.3231850117096019 0.8354166666666667 0.3524590163934426 0.8416666666666667 0.373536299765808 0.8291666666666667 0.3805620608899297 0.8208333333333333 0.373536299765808 0.8166666666666667 0.373536299765808 0.7854166666666667 0.3793911007025761 0.775 0.3992974238875878 0.76875 0.40398126463700235 0.775 0.4215456674473068 0.775 0.42505854800936765 0.7479166666666667 0.4297423887587822 0.75 0.4309133489461358 0.7770833333333333 0.4426229508196721 0.7729166666666667 0.43559718969555034 0.7708333333333334 0.4332552693208431 0.7583333333333333 0.4332552693208431 0.6875 0.44379391100702575 0.7083333333333334 0.4707259953161593 0.7083333333333334 0.45901639344262296 0.7 0.4566744730679157 0.68125 0.44379391100702575 0.68125 0.4414519906323185 0.675 0.4262295081967213 0.6875 0.40749414519906324 0.66875 0.37822014051522246 0.6729166666666667 0.373536299765808 0.6666666666666666 0.3840749414519906 0.6479166666666667 0.3758782201405152 0.6291666666666667 0.36826697892271665 0.6291666666666667 0.373536299765808 0.6604166666666667 0.3680714285714286 0.6520833333333333 0.3629976580796253 0.6625 0.3618266978922717 0.6520833333333333 0.3583138173302108 0.6666666666666666 0.34894613583138173 0.6666666666666666 0.34543325526932084 0.6520833333333333 0.36065573770491804 0.6291666666666667 0.3366510538641686 0.61875 0.3337236533957845 0.6395833333333333 0.3255269320843091 0.63125 0.32903981264637 0.61875 0.3255269320843091 0.6291666666666667
0 0.6791569086651054 0.5854166666666667 0.6826697892271663 0.6229166666666667 0.6885245901639344 0.63125 0.6920374707259953 0.625 0.6943793911007026 0.6354166666666666 0.7084309133489461 0.6416666666666667 0.7072599531615925 0.6520833333333333 0.6943793911007026 0.6520833333333333 0.6932084309133489 0.6625 0.7201405152224825 0.6666666666666666 0.7259953161592506 0.6604166666666667 0.724824355971897 0.6520833333333333 0.7306791569086651 0.65625 0.7213114754098361 0.6395833333333333 0.7072599531615925 0.6333333333333333 0.7060889929742389 0.6104166666666667 0.6932084309133489 0.6104166666666667 0.6943793911007026 0.5958333333333333 0.7388758782201406 0.59375 0.8149882903981265 0.6020833333333333 0.860655737704918 0.5916666666666667 0.9004683840749415 0.5979166666666667 0.9086651053864169 0.59375 0.9063231850117096 0.5729166666666666 0.9110070257611241 0.5583333333333333 0.9110070257611241 0.5395833333333333 0.8969555035128806 0.5020833333333333 0.8864168618266979 0.5 0.8805620608899297 0.5270833333333333 0.870023419203747 0.54375 0.8559718969555035 0.5479166666666667 0.8489461358313818 0.5416666666666666 0.8360655737704918 0.5020833333333333 0.8255269320843092 0.4875 0.8266978922716628 0.4666666666666667 0.810304449648712 0.44375 0.7985948477751756 0.45625 0.7950819672131147 0.45 0.8032786885245902 0.43125 0.7962529274004684 0.43125 0.7927400468384075 0.44166666666666665 0.8009367681498829 0.47291666666666665 0.7962529274004684 0.475 0.797423887587822 0.48333333333333334 0.7892271662763466 0.5 0.775175644028103 0.4666666666666667 0.7681498829039812 0.46875 0.765807962529274 0.47708333333333336 0.7693208430913349 0.5229166666666667 0.7646370023419203 0.5583333333333333 0.7412177985948478 0.5333333333333333 0.7283372365339579 0.53125 0.724824355971897 0.5375 0.724824355971897 0.5645833333333333 0.711943793911007 0.5875 0.6955503512880562 0.5770833333333333
0 0.8161592505854801 0.63125 0.8149882903981265 0.6416666666666667 0.8243559718969555 0.6479166666666667 0.8313817330210773 0.6333333333333333 0.8337236533957846 0.6479166666666667 0.8395784543325527 0.6479166666666667 0.8407494145199064 0.6395833333333333 0.8442622950819673 0.6458333333333334 0.8466042154566745 0.6395833333333333 0.8255269320843092 0.625
0 0.927400468384075 0.6375 0.9309133489461359 0.6458333333333334 0.9320843091334895 0.6333333333333333 0.9355971896955504 0.63125 0.9379391100702577 0.6479166666666667 0.955503512880562 0.6479166666666667 0.9672131147540983 0.6333333333333333 0.9648711943793911 0.625 0.968384074941452 0.6229166666666667 0.9613583138173302 0.6083333333333333 0.9484777517564403 0.60625 0.9484777517564403 0.6145833333333334 0.9625292740046838 0.61875 0.9531615925058547 0.6270833333333333 0.9402810304449649 0.625 0.9449648711943794 0.6145833333333334 0.9414519906323185 0.6166666666666667 0.9391100702576113 0.6083333333333333
0 0.5983606557377049 0.8166666666666667 0.5971896955503513 0.825 0.6065573770491803 0.8229166666666666
0 0.49063231850117095 0.84375 0.4894613583138173 0.8541666666666666 0.49765807962529274 0.8541666666666666
0 0.6639344262295082 0.7979166666666667 0.6615925058548009 0.8104166666666667 0.6709601873536299 0.80625 0.6686182669789227 0.7979166666666667
0 0.6217798594847775 0.7979166666666667 0.6194379391100703 0.8104166666666667 0.6229508196721312 0.8145833333333333 0.6288056206088993 0.8 0.6311475409836066 0.8166666666666667 0.6311475409836066 0.8020833333333334 0.639344262295082 0.8041666666666667 0.639344262295082 0.8166666666666667 0.6451990632318502 0.8104166666666667 0.6264637002341921 0.7958333333333333
0 0.33840749414519905 0.8895833333333333 0.32786885245901637 0.9 0.3594847775175644 0.89375 0.34894613583138173 0.8854166666666666
0 0.3875878220140515 0.8770833333333333 0.38524590163934425 0.8895833333333333 0.38992974238875877 0.8916666666666667 0.4203747072599532 0.8770833333333333
0 0.16393442622950818 0.9166666666666666 0.16393442622950818 0.925 0.2459016393442623 0.9208333333333333 0.24004683840749413 0.9145833333333333 0.22833723653395785 0.9208333333333333 0.2189695550351288 0.9125 0.2135831381733021 0.9229166666666667 0.21194379391100704 0.9125 0.20374707259953162 0.9208333333333333 0.1920374707259953 0.9145833333333333 0.1721311475409836 0.9166666666666666 0.16744730679156908 0.9229166666666667
0 0.5409836065573771 0.83125 0.5421545667447307 0.8416666666666667 0.5480093676814989 0.8416666666666667 0.5491803278688525 0.8270833333333333 0.5538641686182669 0.8416666666666667 0.5597189695550351 0.8416666666666667 0.5644028103044496 0.825 0.5690866510538641 0.8270833333333333 0.5655737704918032 0.8416666666666667 0.5714285714285714 0.8416666666666667 0.572599531615925 0.8291666666666667 0.5772833723653396 0.8416666666666667 0.5761124121779859 0.83125 0.5843091334894613 0.8375 0.5550351288056206 0.8104166666666667 0.550351288056206 0.825
0 0.2716627634660422 0.9104166666666667 0.27049180327868855 0.91875 0.27400468384074944 0.9208333333333333 0.2822014051522248 0.9041666666666667 0.2807377049180328 0.9208333333333333 0.28747072599531615 0.9208333333333333 0.29156908665105385 0.90625 0.3009367681498829 0.9020833333333333 0.29420374707259955 0.9208333333333333 0.3009367681498829 0.9208333333333333 0.32201405152224827 0.9041666666666667 0.30562060889929743 0.89375 0.2927400468384075 0.9041666666666667 0.27634660421545665 0.9020833333333333