0 0.47950819672131145 0.9520833333333333 0.00117096018735363 0.008333333333333333
0 0.47950819672131145 0.9364583333333333 0.00117096018735363 0.010416666666666666
0 0.49414519906323184 0.925 0.4894613583138173 0.9166666666666666 0.4894613583138173 0.9354166666666667 0.49414519906323184 0.9375 0.49414519906323184 0.925
0 0.47306791569086654 0.9020833333333333 0.00234192037470726 0.004166666666666667
0 0.446135831381733 0.7854166666666667 0.44028103044496486 0.7916666666666666 0.44730679156908665 0.8041666666666667 0.4496487119437939 0.8208333333333333 0.45901639344262296 0.825 0.4531615925058548 0.8166666666666667 0.45784543325526933 0.8041666666666667 0.4531615925058548 0.7875 0.446135831381733 0.7854166666666667
0 0.4426229508196721 0.8770833333333333 0.4414519906323185 0.9125 0.446135831381733 0.9291666666666667 0.43676814988290397 0.9625 0.4262295081967213 0.9791666666666666 0.4274004683840749 0.9979166666666667 0.47306791569086654 0.9916666666666667 0.48360655737704916 0.96875 0.48711943793911006 0.9895833333333334 0.49765807962529274 0.9979166666666667 0.5140515222482436 0.9979166666666667 0.5257611241217799 0.9875 0.572599531615925 0.9979166666666667 0.7517564402810304 0.9979166666666667 0.7634660421545667 0.975 0.7681498829039812 0.9479166666666666 0.7810304449648712 0.93125 0.8021077283372365 0.9291666666666667 0.8056206088992974 0.9104166666666667 0.8138173302107728 0.9041666666666667 0.8114754098360656 0.8875 0.8067915690866511 0.8854166666666666 0.8067915690866511 0.8625 0.7962529274004684 0.8541666666666666 0.8138173302107728 0.8479166666666667 0.8138173302107728 0.8229166666666666 0.797423887587822 0.8 0.7833723653395784 0.8 0.775175644028103 0.8145833333333333 0.7576112412177985 0.8291666666666667 0.7435597189695551 0.8291666666666667 0.7435597189695551 0.8041666666666667 0.7400468384074942 0.8 0.7435597189695551 0.7625 0.7283372365339579 0.7291666666666666 0.7131147540983607 0.7416666666666667 0.6955503512880562 0.7375 0.6932084309133489 0.75625 0.6850117096018735 0.75 0.6850117096018735 0.7375 0.6826697892271663 0.75 0.6932084309133489 0.7729166666666667 0.680327868852459 0.7875 0.6686182669789227 0.7875 0.6733021077283372 0.8020833333333334 0.667447306791569 0.8354166666666667 0.6615925058548009 0.8354166666666667 0.6533957845433255 0.8229166666666666 0.6498829039812647 0.8291666666666667 0.6463700234192038 0.8229166666666666 0.6358313817330211 0.8229166666666666 0.6334894613583139 0.8125 0.6206088992974239 0.8041666666666667 0.6194379391100703 0.7875 0.585480093676815 0.7729166666666667 0.5843091334894613 0.7625 0.5608899297423887 0.76875 0.5480093676814989 0.78125 0.544496487119438 0.8041666666666667 0.5362997658079626 0.8041666666666667 0.5351288056206089 0.8125 0.5257611241217799 0.8125 0.5187353629976581 0.8229166666666666 0.5163934426229508 0.8625 0.49882903981264637 0.8645833333333334 0.49765807962529274 0.89375 0.5035128805620609 0.9291666666666667 0.49882903981264637 0.9354166666666667 0.49414519906323184 0.9666666666666667 0.4894613583138173 0.9604166666666667 0.48711943793911006 0.9666666666666667 0.48360655737704916 0.9604166666666667 0.4812646370023419 0.9666666666666667 0.47540983606557374 0.9625 0.47540983606557374 0.9479166666666666 0.4718969555035129 0.94375 0.47423887587822017 0.93125 0.46604215456674475 0.9104166666666667 0.4672131147540984 0.8854166666666666 0.45901639344262296 0.8583333333333333 0.46604215456674475 0.84375 0.4601873536299766 0.83125 0.45081967213114754 0.8375 0.45081967213114754 0.85 0.4426229508196721 0.8770833333333333
0 0.7540983606557377 0.7104166666666667 0.747072599531616 0.7229166666666667 0.7552693208430913 0.7229166666666667 0.7540983606557377 0.7104166666666667
0 0.48009367681498827 0.65625 0.4783372365339578 0.6666666666666666 0.4601873536299766 0.675 0.46604215456674475 0.6875 0.46252927400468385 0.7020833333333333 0.4672131147540984 0.7291666666666666 0.5117096018735363 0.7375 0.5105386416861827 0.70625 0.5 0.6895833333333333 0.5 0.6666666666666666 0.4953161592505855 0.65625 0.48770491803278687 0.65625 0.4859484777517564 0.6645833333333333 0.48009367681498827 0.65625
0 0.5058548009367682 0.5854166666666667 0.49882903981264637 0.5854166666666667 0.5 0.6125 0.5081967213114754 0.6125 0.509367681498829 0.59375 0.5058548009367682 0.5854166666666667
0 0.4953161592505855 0.55 0.48711943793911006 0.5729166666666666 0.5035128805620609 0.58125 0.5105386416861827 0.5541666666666667 0.5081967213114754 0.54375 0.49882903981264637 0.54375 0.4953161592505855 0.55
0 0.27985948477751754 0.5104166666666666 0.27985948477751754 0.5541666666666667 0.28805620608899296 0.575 0.2962529274004684 0.6166666666666667 0.3231850117096019 0.6479166666666667 0.32903981264637 0.6875 0.3430913348946136 0.7166666666666667 0.3583138173302108 0.73125 0.3805620608899297 0.7666666666666667 0.39344262295081966 0.7729166666666667 0.38992974238875877 0.7041666666666667 0.3840749414519906 0.6916666666666667 0.39227166276346603 0.6791666666666667 0.41100702576112413 0.6854166666666667 0.4168618266978923 0.6583333333333333 0.42271662763466045 0.65 0.4215456674473068 0.63125 0.4262295081967213 0.6 0.43559718969555034 0.58125 0.4332552693208431 0.5708333333333333 0.43676814988290397 0.56875 0.4379391100702576 0.5541666666666667 0.4379391100702576 0.5375 0.4297423887587822 0.5083333333333333 0.4414519906323185 0.47291666666666665 0.44028103044496486 0.45625 0.44379391100702575 0.45 0.4344262295081967 0.4375 0.4215456674473068 0.4354166666666667 0.4168618266978923 0.425 0.41217798594847777 0.38125 0.4028103044496487 0.37916666666666665 0.38992974238875877 0.3625 0.3840749414519906 0.3645833333333333 0.38173302107728335 0.34375 0.37236533957845436 0.31666666666666665 0.35362997658079626 0.30625 0.3477751756440281 0.2916666666666667 0.34192037470725994 0.3 0.3395784543325527 0.3145833333333333 0.34153044496487117 0.3375 0.32903981264637 0.3375 0.3337236533957845 0.3625 0.3360655737704918 0.3541666666666667 0.3407494145199063 0.3541666666666667 0.34660421545667447 0.36666666666666664 0.34543325526932084 0.3729166666666667 0.35362997658079626 0.3854166666666667 0.3548009367681499 0.4041666666666667 0.3407494145199063 0.4125 0.33138173302107726 0.4270833333333333 0.32669789227166274 0.4625 0.319672131147541 0.4625 0.3185011709601874 0.4708333333333333 0.30562060889929743 0.48125 0.29156908665105385 0.47291666666666665 0.27985948477751754 0.5104166666666666
0 0.4098360655737705 0.28541666666666665 0.40866510538641687 0.29375 0.41451990632318503 0.3 0.4180327868852459 0.2875 0.41451990632318503 0.28125 0.4098360655737705 0.28541666666666665
0 0.44028103044496486 0.19791666666666666 0.4379391100702576 0.2125 0.44730679156908665 0.2125 0.4496487119437939 0.19375 0.44379391100702575 0.19166666666666668 0.44028103044496486 0.19791666666666666
0 0.1955503512880562 0.18333333333333332 0.19437939110070257 0.1875 0.20491803278688525 0.1875 0.202576112412178 0.18125 0.1955503512880562 0.18333333333333332
0 0.2423887587822014 0.1375 0.24004683840749413 0.17083333333333334 0.24355971896955503 0.18958333333333333 0.26229508196721313 0.20416666666666666 0.26697892271662765 0.22083333333333333 0.27634660421545665 0.22708333333333333 0.2810304449648712 0.24166666666666667 0.2939110070257611 0.24791666666666667 0.28337236533957844 0.2875 0.28337236533957844 0.3104166666666667 0.2997658079625293 0.33125 0.32084309133489464 0.33541666666666664 0.319672131147541 0.3229166666666667 0.30679156908665106 0.30416666666666664 0.30679156908665106 0.25625 0.3161592505854801 0.24791666666666667 0.3161592505854801 0.23541666666666666 0.2962529274004684 0.23125 0.2927400468384075 0.20416666666666666 0.2693208430913349 0.15833333333333333 0.25175644028103045 0.1375 0.2423887587822014 0.1375