0 0.5737704918032787 0.3645833333333333 0.5702576112412178 0.39375 0.5620608899297423 0.39375 0.5597189695550351 0.3854166666666667 0.5538641686182669 0.3875 0.5562060889929742 0.41875 0.5526932084309133 0.425 0.5550351288056206 0.43333333333333335 0.5515222482435597 0.44166666666666665 0.5515222482435597 0.46041666666666664 0.5362997658079626 0.4979166666666667 0.531615925058548 0.49375 0.531615925058548 0.48333333333333334 0.5140515222482436 0.4666666666666667 0.5081967213114754 0.46875 0.5023419203747073 0.48333333333333334 0.5046838407494145 0.5145833333333333 0.5105386416861827 0.5291666666666667 0.5070257611241218 0.5375 0.5070257611241218 0.55625 0.5011709601873536 0.5666666666666667 0.5058548009367682 0.58125 0.5011709601873536 0.5833333333333334 0.5058548009367682 0.5854166666666667 0.5128805620608899 0.6354166666666666 0.5070257611241218 0.65 0.5128805620608899 0.6541666666666667 0.5 0.6625 0.49765807962529274 0.6708333333333333 0.5187353629976581 0.6916666666666667 0.5199063231850117 0.7125 0.5152224824355972 0.7458333333333333 0.5245901639344263 0.74375 0.5269320843091335 0.7229166666666667 0.5327868852459017 0.7166666666666667 0.5281030444964872 0.7125 0.5327868852459017 0.7020833333333333 0.5304449648711944 0.6979166666666666 0.5409836065573771 0.6875 0.5374707259953162 0.6770833333333334 0.5421545667447307 0.6708333333333333 0.5433255269320844 0.6270833333333333 0.5491803278688525 0.6125 0.5679156908665105 0.6166666666666667 0.5819672131147541 0.60625 0.5901639344262295 0.6145833333333334 0.5936768149882904 0.6333333333333333 0.5995316159250585 0.6354166666666666 0.5995316159250585 0.6166666666666667 0.617096018735363 0.59375 0.629976580796253 0.5875 0.6405152224824356 0.5520833333333334 0.639344262295082 0.5270833333333333 0.6604215456674473 0.39375 0.6557377049180327 0.38958333333333334 0.6557377049180327 0.41041666666666665 0.6498829039812647 0.42916666666666664 0.6533957845433255 0.4354166666666667 0.6463700234192038 0.4479166666666667 0.6323185011709602 0.44166666666666665 0.6229508196721312 0.44166666666666665 0.6194379391100703 0.4479166666666667 0.6088992974238876 0.4083333333333333 0.6030444964871194 0.4041666666666667 0.607728337236534 0.4 0.6018735362997658 0.38958333333333334 0.6100702576112412 0.36875 0.6018735362997658 0.3645833333333333 0.6018735362997658 0.4083333333333333 0.6065573770491803 0.41041666666666665 0.6030444964871194 0.4270833333333333 0.6065573770491803 0.4375 0.6030444964871194 0.44166666666666665 0.607728337236534 0.45208333333333334 0.5971896955503513 0.46041666666666664 0.5889929742388759 0.44583333333333336 0.5960187353629977 0.4375 0.5889929742388759 0.4395833333333333 0.5796252927400468 0.42083333333333334 0.5831381733021077 0.4083333333333333 0.5772833723653396 0.3645833333333333
0 0.45901639344262296 0.45 0.446135831381733 0.46875 0.446135831381733 0.4791666666666667 0.45081967213114754 0.48333333333333334 0.446135831381733 0.49375 0.4496487119437939 0.5 0.446135831381733 0.5041666666666667 0.4496487119437939 0.5083333333333333 0.44730679156908665 0.51875 0.45081967213114754 0.5416666666666666 0.44028103044496486 0.55 0.4344262295081967 0.5458333333333333 0.43559718969555034 0.55625 0.4309133489461358 0.5666666666666667 0.43911007025761123 0.5875 0.43911007025761123 0.5979166666666667 0.43208430913348944 0.6020833333333333 0.4379391100702576 0.6104166666666667 0.43559718969555034 0.6208333333333333 0.41920374707259955 0.6 0.41451990632318503 0.5729166666666666 0.39344262295081966 0.5645833333333333 0.3840749414519906 0.5416666666666666 0.3700234192037471 0.53125 0.3594847775175644 0.49375 0.3559718969555035 0.4625 0.3442622950819672 0.4979166666666667 0.3325526932084309 0.49375 0.32084309133489464 0.50625 0.33489461358313816 0.6083333333333333 0.33138173302107726 0.6125 0.3337236533957845 0.6291666666666667 0.32669789227166274 0.6458333333333334 0.32903981264637 0.7333333333333333 0.3395784543325527 0.7791666666666667 0.3372365339578454 0.7916666666666666 0.3548009367681499 0.81875 0.3758782201405152 0.8083333333333333 0.373536299765808 0.7916666666666666 0.37822014051522246 0.7854166666666667 0.3770491803278688 0.76875 0.373536299765808 0.7645833333333333 0.3770491803278688 0.7583333333333333 0.3711943793911007 0.7395833333333334 0.3793911007025761 0.73125 0.3805620608899297 0.7104166666666667 0.39344262295081966 0.6791666666666667 0.4028103044496487 0.70625 0.40749414519906324 0.70625 0.4098360655737705 0.71875 0.4238875878220141 0.7375 0.42505854800936765 0.75625 0.4426229508196721 0.7583333333333333 0.45433255269320844 0.7458333333333333 0.4601873536299766 0.7625 0.47423887587822017 0.7645833333333333 0.4847775175644028 0.71875 0.48711943793911006 0.6541666666666667 0.4929742388758782 0.6229166666666667 0.4964871194379391 0.5583333333333333 0.4812646370023419 0.5166666666666667 0.477751756440281 0.4895833333333333 0.4601873536299766 0.45208333333333334
0 0.12997658079625293 0.9041666666666667 0.1252927400468384 0.9354166666666667 0.1288056206088993 0.925 0.13700234192037472 0.9333333333333333 0.14402810304449648 0.9270833333333334 0.14402810304449648 0.9166666666666666 0.13817330210772832 0.9041666666666667
0 0.06557377049180328 0.93125 0.05620608899297424 0.9354166666666667 0.05620608899297424 0.9625 0.06674473067915691 0.95625 0.07142857142857142 0.9625 0.07259953161592506 0.95625 0.06791569086651054 0.9520833333333333 0.07259953161592506 0.94375 0.0702576112412178 0.93125
0 0.02224824355971897 0.8708333333333333 0.02459016393442623 0.8770833333333333 0.02107728337236534 0.8791666666666667 0.02459016393442623 0.8833333333333333 0.01756440281030445 0.8916666666666667 0.02576112412177986 0.8958333333333334 0.01990632318501171 0.9 0.01990632318501171 0.90625 0.0117096018735363 0.8979166666666667 0.00819672131147541 0.9104166666666667 0.00351288056206089 0.9104166666666667 0.00936768149882904 0.925 0 0.9270833333333334 0 0.9833333333333333 0.00351288056206089 0.9854166666666667 0.01405152224824356 0.9729166666666667 0.02576112412177986 0.975 0.03161592505854801 0.9833333333333333 0.0468384074941452 0.9833333333333333 0.040983606557377046 0.9270833333333334 0.03278688524590164 0.9 0.02927400468384075 0.9041666666666667 0.02576112412177986 0.8958333333333334 0.02927400468384075 0.8854166666666666 0.02459016393442623 0.8791666666666667 0.02576112412177986 0.8708333333333333
0 0.20608899297423888 0.7916666666666666 0.19672131147540983 0.8041666666666667 0.1955503512880562 0.84375 0.18032786885245902 0.8520833333333333 0.18149882903981265 0.8854166666666666 0.1873536299765808 0.9 0.1756440281030445 0.9041666666666667 0.18149882903981265 0.9125 0.18618266978922718 0.9041666666666667 0.20491803278688525 0.9125 0.2189695550351288 0.8958333333333334 0.22014051522248243 0.8604166666666667 0.2154566744730679 0.8479166666666667 0.22014051522248243 0.8479166666666667 0.21779859484777517 0.84375 0.22131147540983606 0.8270833333333333 0.2154566744730679 0.8208333333333333 0.20725995316159251 0.79375
0 0.2857142857142857 0.7208333333333333 0.275175644028103 0.7375 0.2646370023419204 0.7375 0.2611241217798595 0.7770833333333333 0.24707259953161592 0.76875 0.23536299765807964 0.78125 0.2423887587822014 0.7958333333333333 0.24004683840749413 0.83125 0.2505854800936768 0.8645833333333334 0.2611241217798595 0.86875 0.2681498829039813 0.8333333333333334 0.2786885245901639 0.8729166666666667 0.2857142857142857 0.8729166666666667 0.2892271662763466 0.8625 0.29508196721311475 0.8041666666666667 0.2927400468384075 0.7583333333333333 0.2997658079625293 0.7333333333333333 0.2892271662763466 0.7208333333333333
0 0.5374707259953162 0.80625 0.5339578454332553 0.8166666666666667 0.5362997658079626 0.825 0.5398126463700235 0.8208333333333333 0.5398126463700235 0.80625
0 0.7985948477751756 0.9541666666666667 0.7927400468384075 0.9645833333333333 0.7868852459016393 0.9979166666666667 0.8044496487119438 0.9979166666666667 0.8009367681498829 0.9541666666666667
0 0.48360655737704916 0.80625 0.4765807962529274 0.8333333333333334 0.47540983606557374 0.86875 0.48009367681498827 0.9 0.49063231850117095 0.9166666666666666 0.49414519906323184 0.9145833333333333 0.49414519906323184 0.8666666666666667 0.49063231850117095 0.8520833333333333 0.49063231850117095 0.8125 0.4847775175644028 0.8083333333333333
0 0.5843091334894613 0.6979166666666666 0.5749414519906323 0.7104166666666667 0.5714285714285714 0.7395833333333334 0.5761124121779859 0.8083333333333333 0.5737704918032787 0.8479166666666667 0.5796252927400468 0.8416666666666667 0.5784543325526932 0.8104166666666667 0.5866510538641686 0.7854166666666667 0.5843091334894613 0.7645833333333333 0.5901639344262295 0.7416666666666667 0.5866510538641686 0.7270833333333333 0.5889929742388759 0.7041666666666667 0.585480093676815 0.6979166666666666
0 0.6592505854800936 0.675 0.6557377049180327 0.68125 0.6522248243559718 0.7291666666666666 0.6569086651053864 0.7916666666666666 0.6604215456674473 0.7895833333333333 0.6639344262295082 0.76875 0.6686182669789227 0.76875 0.6662763466042154 0.7583333333333333 0.6744730679156908 0.7 0.6721311475409836 0.68125 0.6639344262295082 0.675