0 0.6390625 0.8208333333333333 0.63984375 0.8305555555555556 0.659375 0.8319444444444445 0.6625 0.8347222222222223 0.6640625 0.8430555555555556 0.68203125 0.85 0.74296875 0.8597222222222223 0.7453125 0.8513888888888889 0.74921875 0.8527777777777777 0.75 0.8625 0.75 0.8541666666666666 0.753125 0.8541666666666666 0.7546875 0.8625 0.76015625 0.8638888888888889 0.7609375 0.8569444444444444 0.7640625 0.8569444444444444 0.76796875 0.8652777777777778 0.77421875 0.8625 0.7734375 0.8555555555555555 0.74140625 0.85 0.73359375 0.8416666666666667 0.71171875 0.8430555555555556 0.7109375 0.8305555555555556 0.6953125 0.8291666666666667 0.68359375 0.8347222222222223 0.67421875 0.8152777777777778 0.6703125 0.8152777777777778 0.6640625 0.8236111111111111 0.64765625 0.8069444444444445 0.6390625 0.8208333333333333
0 0.60625 0.7916666666666666 0.60546875 0.8138888888888889 0.61796875 0.8263888888888888 0.628125 0.8222222222222222 0.61796875 0.7736111111111111 0.6125 0.7652777777777777 0.60625 0.7916666666666666
0 0.37265625 0.7125 0.37265625 0.7180555555555556 0.38671875 0.7347222222222223 0.4 0.7291666666666666 0.40078125 0.7333333333333333 0.40546875 0.7319444444444444 0.41328125 0.7444444444444445 0.42265625 0.7430555555555556 0.4171875 0.7333333333333333 0.39921875 0.725 0.39921875 0.7194444444444444 0.403125 0.7166666666666667 0.40703125 0.7055555555555556 0.4046875 0.7013888888888888 0.40546875 0.6944444444444444 0.3984375 0.6875 0.3890625 0.6902777777777778 0.38046875 0.7055555555555556 0.37265625 0.7125
0 0.31328125 0.6819444444444445 0.31328125 0.6875 0.3171875 0.6916666666666667 0.32421875 0.6888888888888889 0.32421875 0.6833333333333333 0.31328125 0.6819444444444445
0 0.44453125 0.6694444444444444 0.4421875 0.6791666666666667 0.44609375 0.6888888888888889 0.44921875 0.6861111111111111 0.45078125 0.6777777777777778 0.44921875 0.6680555555555555 0.44453125 0.6694444444444444
0 0.50078125 0.7652777777777777 0.5 0.7736111111111111 0.5125 0.7875 0.53515625 0.7944444444444444 0.54296875 0.8027777777777778 0.56171875 0.8013888888888889 0.59375 0.8138888888888889 0.5984375 0.8083333333333333 0.596875 0.775 0.603125 0.7319444444444444 0.590625 0.7291666666666666 0.58203125 0.7111111111111111 0.57890625 0.6902777777777778 0.571875 0.6763888888888889 0.57734375 0.6638888888888889 0.5703125 0.6652777777777777 0.5703125 0.675 0.56015625 0.6847222222222222 0.546875 0.6638888888888889 0.5421875 0.6625 0.53203125 0.6736111111111112 0.525 0.6569444444444444 0.51796875 0.6541666666666667 0.51015625 0.6930555555555555 0.509375 0.7319444444444444 0.50078125 0.7652777777777777
0 0.45546875 0.6166666666666667 0.45234375 0.6180555555555556 0.45234375 0.6291666666666667 0.4546875 0.6319444444444444 0.4625 0.7083333333333334 0.46875 0.7180555555555556 0.47421875 0.7180555555555556 0.47578125 0.6944444444444444 0.4734375 0.6916666666666667 0.4765625 0.6708333333333333 0.475 0.6541666666666667 0.478125 0.6347222222222222 0.4640625 0.6180555555555556 0.45546875 0.6166666666666667
0 0.3125 0.6152777777777778 0.3125 0.6305555555555555 0.32109375 0.6305555555555555 0.33125 0.6138888888888889 0.33125 0.6069444444444444 0.3203125 0.6083333333333333 0.3125 0.6152777777777778
0 0.3546875 0.6263888888888889 0.3546875 0.6375 0.36328125 0.6430555555555556 0.38515625 0.6444444444444445 0.39453125 0.6361111111111111 0.39453125 0.6458333333333334 0.4 0.6541666666666667 0.40625 0.6555555555555556 0.4078125 0.6680555555555555 0.4234375 0.6708333333333333 0.42265625 0.6875 0.425 0.6861111111111111 0.425 0.6930555555555555 0.43203125 0.6513888888888889 0.44296875 0.6305555555555555 0.44375 0.6222222222222222 0.4421875 0.6083333333333333 0.43203125 0.5986111111111111 0.43359375 0.5916666666666667 0.43828125 0.5930555555555556 0.43828125 0.5805555555555556 0.415625 0.5777777777777777 0.40078125 0.5819444444444445 0.3890625 0.5777777777777777 0.38671875 0.5888888888888889 0.3796875 0.6013888888888889 0.3546875 0.6263888888888889
0 0.4484375 0.5694444444444444 0.44921875 0.5916666666666667 0.45546875 0.6027777777777777 0.46875 0.5791666666666667 0.46484375 0.5680555555555555 0.4484375 0.5694444444444444
0 0.35703125 0.5194444444444445 0.353125 0.5305555555555556 0.353125 0.5388888888888889 0.34453125 0.5527777777777778 0.34453125 0.5638888888888889 0.35078125 0.5708333333333333 0.3625 0.5680555555555555 0.3875 0.5388888888888889 0.38671875 0.5222222222222223 0.3828125 0.5180555555555556 0.3640625 0.5138888888888888 0.35703125 0.5194444444444445
0 0.3109375 0.39305555555555555 0.30703125 0.4 0.30703125 0.4152777777777778 0.31171875 0.4444444444444444 0.3265625 0.4444444444444444 0.32890625 0.4388888888888889 0.33203125 0.4444444444444444 0.33671875 0.44027777777777777 0.34375 0.4638888888888889 0.35 0.4708333333333333 0.3609375 0.46944444444444444 0.36875 0.4597222222222222 0.37578125 0.4597222222222222 0.38203125 0.46805555555555556 0.3859375 0.46805555555555556 0.39765625 0.4875 0.40078125 0.4875 0.41171875 0.46805555555555556 0.41171875 0.45555555555555555 0.39296875 0.45555555555555555 0.384375 0.44027777777777777 0.38046875 0.44166666666666665 0.3703125 0.4583333333333333 0.3578125 0.4513888888888889 0.3515625 0.44027777777777777 0.3515625 0.4305555555555556 0.35546875 0.425 0.35625 0.4166666666666667 0.34453125 0.41805555555555557 0.33984375 0.43333333333333335 0.32890625 0.43472222222222223 0.321875 0.4041666666666667 0.31640625 0.39444444444444443 0.3109375 0.39305555555555555