0 0.19847775175644028 0.7770833333333333 0.00117096018735363 0.008333333333333333
0 0.5081967213114754 0.78125 0.509367681498829 0.7916666666666666 0.5046838407494145 0.8 0.5046838407494145 0.8104166666666667 0.5105386416861827 0.81875 0.5081967213114754 0.8354166666666667 0.5140515222482436 0.85 0.5210772833723654 0.8416666666666667 0.5152224824355972 0.825 0.5199063231850117 0.8041666666666667 0.5152224824355972 0.7916666666666666 0.522248243559719 0.78125 0.522248243559719 0.7666666666666667 0.5163934426229508 0.775 0.5152224824355972 0.7875
0 0.8185011709601874 0.7104166666666667 0.8161592505854801 0.7229166666666667 0.8208430913348946 0.725 0.8231850117096019 0.71875 0.8185011709601874 0.71875
0 0.7482435597189696 0.6375 0.747072599531616 0.6520833333333333 0.7505854800936768 0.6541666666666667 0.7517564402810304 0.6375
0 0.02107728337236534 0.5875 0.01990632318501171 0.6229166666666667 0.03395784543325527 0.6479166666666667 0.04800936768149883 0.70625 0.06088992974238876 0.73125 0.05503512880562061 0.7729166666666667 0.04449648711943794 0.7729166666666667 0.03629976580796253 0.7645833333333333 0.03629976580796253 0.8291666666666667 0.03161592505854801 0.8520833333333333 0.02927400468384075 0.9479166666666666 0.040983606557377046 0.9916666666666667 0.07259953161592506 0.9916666666666667 0.07962529274004684 0.9791666666666666 0.12177985948477751 0.9729166666666667 0.1252927400468384 0.9541666666666667 0.1323185011709602 0.9479166666666666 0.13348946135831383 0.9354166666666667 0.15456674473067916 0.9375 0.16159250585480095 0.9166666666666666 0.1592505854800937 0.88125 0.16276346604215455 0.875 0.16978922716627634 0.8854166666666666 0.1686182669789227 0.89375 0.18618266978922718 0.90625 0.1920374707259953 0.9270833333333334 0.202576112412178 0.9291666666666667 0.19672131147540983 0.9229166666666667 0.19789227166276346 0.9 0.20960187353629978 0.8875 0.21194379391100704 0.875 0.21662763466042154 0.875 0.22014051522248243 0.84375 0.22482435597189696 0.8354166666666667 0.22950819672131148 0.8354166666666667 0.2388758782201405 0.85 0.24707259953161592 0.8895833333333333 0.2529274004683841 0.89375 0.25995316159250587 0.88125 0.2681498829039813 0.8166666666666667 0.2576112412177986 0.7979166666666667 0.2529274004683841 0.7479166666666667 0.24824355971896955 0.7354166666666667 0.24824355971896955 0.71875 0.25526932084309134 0.70625 0.2505854800936768 0.6854166666666667 0.2505854800936768 0.6625 0.2388758782201405 0.65 0.22716627634660422 0.65 0.22950819672131148 0.6604166666666667 0.2154566744730679 0.7 0.2189695550351288 0.76875 0.20843091334894615 0.78125 0.21428571428571427 0.7895833333333333 0.20843091334894615 0.7958333333333333 0.20491803278688525 0.81875 0.202576112412178 0.8125 0.19789227166276346 0.8229166666666666 0.18149882903981265 0.8229166666666666 0.1791569086651054 0.7916666666666666 0.16627634660421545 0.7729166666666667 0.16276346604215455 0.7729166666666667 0.15807962529274006 0.7979166666666667 0.15105386416861827 0.80625 0.14285714285714285 0.8 0.13348946135831383 0.7791666666666667 0.13114754098360656 0.75625 0.1252927400468384 0.75625 0.11826697892271663 0.76875 0.10070257611241218 0.7604166666666666 0.08196721311475409 0.6791666666666667 0.07377049180327869 0.6729166666666667 0.05737704918032787 0.6375 0.04332552693208431 0.6291666666666667 0.02810304449648712 0.5958333333333333 0.026932084309133488 0.58125
0 0.2962529274004684 0.7729166666666667 0.30327868852459017 0.7854166666666667 0.2997658079625293 0.79375 0.30327868852459017 0.8041666666666667 0.29156908665105385 0.81875 0.2927400468384075 0.8375 0.2997658079625293 0.85 0.30210772833723654 0.8666666666666667 0.319672131147541 0.875 0.3255269320843091 0.8666666666666667 0.32903981264637 0.83125 0.34543325526932084 0.8270833333333333 0.3430913348946136 0.8458333333333333 0.3618266978922717 0.8625 0.38524590163934425 0.8125 0.40866510538641687 0.8125 0.41451990632318503 0.8229166666666666 0.4168618266978923 0.8041666666666667 0.4238875878220141 0.79375 0.4274004683840749 0.75625 0.4262295081967213 0.7479166666666667 0.41920374707259955 0.74375 0.41920374707259955 0.7291666666666666 0.43559718969555034 0.7291666666666666 0.44028103044496486 0.7166666666666667 0.4496487119437939 0.7166666666666667 0.45433255269320844 0.74375 0.4648711943793911 0.70625 0.48009367681498827 0.70625 0.48711943793911006 0.69375 0.5046838407494145 0.7104166666666667 0.5187353629976581 0.6729166666666667 0.5281030444964872 0.6875 0.5234192037470726 0.7 0.5281030444964872 0.7104166666666667 0.5374707259953162 0.6875 0.5550351288056206 0.66875 0.572599531615925 0.675 0.5796252927400468 0.6729166666666667 0.5925058548009368 0.6541666666666667 0.5971896955503513 0.65625 0.5971896955503513 0.6666666666666666 0.6007025761124122 0.65625 0.6088992974238876 0.6604166666666667 0.6088992974238876 0.6479166666666667 0.6030444964871194 0.6333333333333333 0.617096018735363 0.625 0.6346604215456675 0.6541666666666667 0.6451990632318502 0.6625 0.6463700234192038 0.6791666666666667 0.65807962529274 0.675 0.65807962529274 0.66875 0.6686182669789227 0.65625 0.6768149882903981 0.6625 0.6838407494145199 0.6854166666666667 0.6932084309133489 0.7 0.7002341920374707 0.7 0.7072599531615925 0.6916666666666667 0.711943793911007 0.6729166666666667 0.7166276346604216 0.675 0.7072599531615925 0.6604166666666667 0.7072599531615925 0.6229166666666667 0.7037470725995316 0.60625 0.6990632318501171 0.5958333333333333 0.689695550351288 0.59375 0.6850117096018735 0.5854166666666667 0.6826697892271663 0.55625 0.6697892271662763 0.56875 0.6615925058548009 0.5479166666666667 0.6662763466042154 0.5229166666666667 0.6651053864168618 0.50625 0.6826697892271663 0.5125 0.6873536299765808 0.5041666666666667 0.6850117096018735 0.50625 0.6838407494145199 0.4875 0.6779859484777517 0.4791666666666667 0.6826697892271663 0.475 0.6779859484777517 0.47291666666666665 0.6721311475409836 0.5041666666666667 0.6451990632318502 0.46875 0.6440281030444965 0.42291666666666666 0.6381733021077284 0.42291666666666666 0.6229508196721312 0.44375 0.6135831381733021 0.4375 0.6053864168618267 0.4 0.5901639344262295 0.4083333333333333 0.5843091334894613 0.39375 0.5878220140515222 0.3854166666666667 0.5796252927400468 0.375 0.5843091334894613 0.3625 0.5925058548009368 0.3625 0.5913348946135831 0.3541666666666667 0.5807962529274004 0.36041666666666666 0.5702576112412178 0.34791666666666665 0.5667447306791569 0.39375 0.5550351288056206 0.39375 0.5526932084309133 0.4 0.5468384074941453 0.39375 0.5386416861826698 0.4 0.5292740046838408 0.3958333333333333 0.5269320843091335 0.38958333333333334 0.5327868852459017 0.3729166666666667 0.5292740046838408 0.36666666666666664 0.5362997658079626 0.3625 0.5362997658079626 0.33541666666666664 0.5433255269320844 0.325 0.5292740046838408 0.31666666666666665 0.5281030444964872 0.30416666666666664 0.5199063231850117 0.3 0.5187353629976581 0.30625 0.5128805620608899 0.3 0.5117096018735363 0.30625 0.49882903981264637 0.30625 0.4859484777517564 0.3229166666666667 0.48711943793911006 0.3458333333333333 0.48243559718969553 0.35 0.48711943793911006 0.35625 0.48360655737704916 0.3625 0.47540983606557374 0.36041666666666666 0.46955503512880564 0.33125 0.4707259953161593 0.3375 0.4637002341920375 0.34375 0.4601873536299766 0.33125 0.45433255269320844 0.3375 0.4613583138173302 0.35 0.45550351288056207 0.35625 0.45784543325526933 0.38125 0.4531615925058548 0.41041666666666665 0.4648711943793911 0.45 0.46252927400468385 0.54375 0.44379391100702575 0.5666666666666667 0.382903981264637 0.54375 0.37236533957845436 0.54375 0.35714285714285715 0.5604166666666667 0.3430913348946136 0.5854166666666667 0.3430913348946136 0.6083333333333333 0.3477751756440281 0.61875 0.3477751756440281 0.6875 0.3360655737704918 0.7041666666666667 0.32669789227166274 0.70625 0.32435597189695553 0.7291666666666666 0.319672131147541 0.7354166666666667 0.3161592505854801 0.725 0.3114754098360656 0.75625
0 0.5281030444964872 0.2875 0.5281030444964872 0.29375 0.5374707259953162 0.3 0.5362997658079626 0.2875
0 0.5152224824355972 0.2875 0.5081967213114754 0.29375 0.522248243559719 0.2916666666666667
0 0.5761124121779859 0.26875 0.5737704918032787 0.2791666666666667 0.5679156908665105 0.2833333333333333 0.5749414519906323 0.31666666666666665 0.5843091334894613 0.3125 0.585480093676815 0.30625 0.5843091334894613 0.275
0 0.4859484777517564 0.23541666666666666 0.48243559718969553 0.25 0.4847775175644028 0.25416666666666665 0.5011709601873536 0.25416666666666665 0.49882903981264637 0.23541666666666666
0 0.5035128805620609 0.21875 0.5023419203747073 0.22916666666666666 0.5046838407494145 0.22291666666666668 0.5081967213114754 0.225
0 0.4859484777517564 0.18333333333333332 0.48711943793911006 0.23125 0.4894613583138173 0.225 0.49882903981264637 0.225 0.49882903981264637 0.21458333333333332 0.5035128805620609 0.20625 0.4964871194379391 0.18958333333333333 0.49765807962529274 0.18125 0.49063231850117095 0.17916666666666667 0.4894613583138173 0.17291666666666666
0 0.819672131147541 0.6729166666666667 0.8079625292740047 0.68125 0.8056206088992974 0.6916666666666667 0.8138173302107728 0.7166666666666667 0.8138173302107728 0.7416666666666667 0.819672131147541 0.7520833333333333 0.8266978922716628 0.7520833333333333 0.8302107728337237 0.6770833333333334 0.8243559718969555 0.6729166666666667