0 0.5171875 0.7324074074074074 0.5151041666666667 0.7351851851851852 0.5166666666666667 0.7416666666666667 0.5255208333333333 0.7444444444444445 0.5322916666666667 0.7435185185185185 0.5369791666666667 0.7305555555555555 0.5354166666666667 0.725925925925926 0.5296875 0.725925925925926 0.5260416666666666 0.7324074074074074 0.5171875 0.7324074074074074
0 0.6625 0.4675925925925926 0.6614583333333334 0.4740740740740741 0.6630208333333333 0.4777777777777778 0.6671875 0.4777777777777778 0.6729166666666667 0.46944444444444444 0.671875 0.4648148148148148 0.6625 0.4675925925925926
0 0.5145833333333333 0.8277777777777777 0.5130208333333334 0.8305555555555556 0.5135416666666667 0.8342592592592593 0.5291666666666667 0.8462962962962963 0.5364583333333334 0.8555555555555555 0.5432291666666667 0.8546296296296296 0.5432291666666667 0.8462962962962963 0.5416666666666666 0.8444444444444444 0.5322916666666667 0.8388888888888889 0.5286458333333334 0.8324074074074074 0.5145833333333333 0.8277777777777777
0 0.4979166666666667 0.7138888888888889 0.4973958333333333 0.7231481481481481 0.5161458333333333 0.7231481481481481 0.5270833333333333 0.712037037037037 0.5286458333333334 0.7055555555555556 0.5229166666666667 0.7027777777777777 0.5140625 0.6888888888888889 0.50625 0.6962962962962963 0.5052083333333334 0.7027777777777777 0.5072916666666667 0.7055555555555556 0.5052083333333334 0.7092592592592593 0.5005208333333333 0.7092592592592593 0.4979166666666667 0.7138888888888889
0 0.8333333333333334 0.587037037037037 0.8333333333333334 0.612037037037037 0.8302083333333333 0.6296296296296297 0.8270833333333333 0.6370370370370371 0.8265625 0.6509259259259259 0.8322916666666667 0.6574074074074074 0.8416666666666667 0.6435185185185185 0.8489583333333334 0.6416666666666667 0.8520833333333333 0.6620370370370371 0.8557291666666667 0.6666666666666666 0.8572916666666667 0.6601851851851852 0.8557291666666667 0.5981481481481481 0.85 0.5898148148148148 0.8520833333333333 0.5694444444444444 0.8494791666666667 0.5694444444444444 0.8421875 0.5824074074074074 0.8348958333333333 0.5824074074074074 0.8333333333333334 0.587037037037037
0 0.9578125 0.6638888888888889 0.9572916666666667 0.6685185185185185 0.9598958333333333 0.675 0.9895833333333334 0.6759259259259259 0.9947916666666666 0.6731481481481482 0.9994791666666667 0.6666666666666666 0.9994791666666667 0.6509259259259259 0.9875 0.6416666666666667 0.9796875 0.6416666666666667 0.9723958333333333 0.6527777777777778 0.9625 0.6555555555555556 0.9578125 0.6638888888888889
0 0.4765625 0.7481481481481481 0.4765625 0.7527777777777778 0.48541666666666666 0.7555555555555555 0.496875 0.7638888888888888 0.5114583333333333 0.7648148148148148 0.5260416666666666 0.7712962962962963 0.5317708333333333 0.7694444444444445 0.5328125 0.7638888888888888 0.5359375 0.7685185185185185 0.5369791666666667 0.7648148148148148 0.5151041666666667 0.7601851851851852 0.5083333333333333 0.7555555555555555 0.49583333333333335 0.7546296296296297 0.484375 0.7462962962962963 0.4765625 0.7481481481481481
0 0.5458333333333333 0.7092592592592593 0.5453125 0.7212962962962963 0.5489583333333333 0.7277777777777777 0.5697916666666667 0.7296296296296296 0.5786458333333333 0.725925925925926 0.5765625 0.7185185185185186 0.5744791666666667 0.7185185185185186 0.5640625 0.7055555555555556 0.55 0.7055555555555556 0.5458333333333333 0.7092592592592593
0 0.5875 0.45740740740740743 0.5833333333333334 0.462037037037037 0.5848958333333333 0.4666666666666667 0.5973958333333333 0.4666666666666667 0.5973958333333333 0.462037037037037 0.5947916666666667 0.45740740740740743 0.5875 0.45740740740740743
0 0.2 0.1935185185185185 0.19947916666666668 0.2 0.215625 0.2074074074074074 0.22447916666666667 0.2212962962962963 0.24895833333333334 0.2212962962962963 0.25677083333333334 0.21666666666666667 0.25625 0.21203703703703702 0.2520833333333333 0.20925925925925926 0.24895833333333334 0.20277777777777778 0.24583333333333332 0.19166666666666668 0.24583333333333332 0.1824074074074074 0.24375 0.17777777777777778 0.23229166666666667 0.17777777777777778 0.23072916666666668 0.2074074074074074 0.22708333333333333 0.2074074074074074 0.215625 0.19166666666666668 0.2 0.1935185185185185
0 0.47708333333333336 0.44907407407407407 0.47239583333333335 0.45555555555555555 0.4635416666666667 0.45555555555555555 0.46458333333333335 0.462037037037037 0.46979166666666666 0.47129629629629627 0.48020833333333335 0.47314814814814815 0.4890625 0.4824074074074074 0.49375 0.4824074074074074 0.49375 0.4601851851851852 0.4875 0.45092592592592595 0.47708333333333336 0.44907407407407407
0 0.41458333333333336 0.4388888888888889 0.4140625 0.44351851851851853 0.4171875 0.4462962962962963 0.4276041666666667 0.44814814814814813 0.43125 0.44351851851851853 0.43072916666666666 0.4351851851851852 0.42552083333333335 0.42777777777777776 0.4192708333333333 0.4305555555555556 0.41458333333333336 0.4388888888888889
0 0.46927083333333336 0.6527777777777778 0.47239583333333335 0.6805555555555556 0.48072916666666665 0.6824074074074075 0.48333333333333334 0.6796296296296296 0.484375 0.6777777777777778 0.48072916666666665 0.6601851851851852 0.4739583333333333 0.6527777777777778 0.46927083333333336 0.6527777777777778
0 0.6854166666666667 0.4648148148148148 0.6828125 0.46944444444444444 0.6833333333333333 0.4759259259259259 0.6885416666666667 0.4777777777777778 0.6921875 0.475 0.6927083333333334 0.4685185185185185 0.690625 0.4648148148148148 0.6854166666666667 0.4648148148148148
0 0.4453125 0.43703703703703706 0.44375 0.4425925925925926 0.4473958333333333 0.4462962962962963 0.4609375 0.4462962962962963 0.4625 0.44166666666666665 0.4625 0.43703703703703706 0.45989583333333334 0.4324074074074074 0.45208333333333334 0.4324074074074074 0.4453125 0.43703703703703706
0 0.2703125 0.2361111111111111 0.26979166666666665 0.2490740740740741 0.2734375 0.2574074074074074 0.28125 0.25462962962962965 0.2828125 0.2351851851851852 0.2796875 0.22777777777777777 0.27395833333333336 0.22777777777777777 0.2703125 0.2361111111111111
0 0.325 0.20555555555555555 0.32447916666666665 0.21203703703703702 0.33541666666666664 0.22314814814814815 0.3614583333333333 0.22407407407407406 0.36875 0.21944444444444444 0.3953125 0.21666666666666667 0.3984375 0.21388888888888888 0.4015625 0.21388888888888888 0.40989583333333335 0.2212962962962963 0.41822916666666665 0.2212962962962963 0.425 0.2101851851851852 0.4322916666666667 0.21666666666666667 0.44114583333333335 0.21666666666666667 0.4421875 0.21388888888888888 0.44427083333333334 0.21666666666666667 0.44947916666666665 0.21666666666666667 0.44947916666666665 0.2111111111111111 0.4515625 0.2074074074074074 0.4583333333333333 0.2074074074074074 0.46197916666666666 0.20277777777777778 0.4734375 0.20092592592592592 0.4765625 0.19814814814814816 0.4765625 0.1935185185185185 0.4234375 0.18888888888888888 0.41770833333333335 0.1935185185185185 0.39739583333333334 0.19814814814814816 0.39479166666666665 0.19444444444444445 0.39375 0.18055555555555555 0.39166666666666666 0.18055555555555555 0.36770833333333336 0.19814814814814816 0.35625 0.1935185185185185 0.33125 0.1962962962962963 0.325 0.20555555555555555
0 0.7890625 0.5898148148148148 0.7875 0.6064814814814815 0.790625 0.6185185185185185 0.7895833333333333 0.6351851851851852 0.7932291666666667 0.6620370370370371 0.7973958333333333 0.6638888888888889 0.8036458333333333 0.6546296296296297 0.8052083333333333 0.6435185185185185 0.8067708333333333 0.5916666666666667 0.8041666666666667 0.5731481481481482 0.8015625 0.5731481481481482 0.7984375 0.5805555555555556 0.7890625 0.5898148148148148
0 0.7854166666666667 0.48518518518518516 0.7734375 0.4898148148148148 0.75625 0.48518518518518516 0.7572916666666667 0.5009259259259259 0.7651041666666667 0.5046296296296297 0.7760416666666666 0.5046296296296297 0.7973958333333333 0.4981481481481482 0.796875 0.4898148148148148 0.7854166666666667 0.48518518518518516
0 0.6838541666666667 0.4462962962962963 0.6838541666666667 0.4527777777777778 0.7208333333333333 0.45740740740740743 0.734375 0.45740740740740743 0.7380208333333333 0.44814814814814813 0.7364583333333333 0.44166666666666665 0.7197916666666667 0.4444444444444444 0.6875 0.44351851851851853 0.6838541666666667 0.4462962962962963
0 0.4234375 0.8916666666666667 0.4171875 0.8916666666666667 0.4171875 0.9009259259259259 0.41875 0.9046296296296297 0.4276041666666667 0.9046296296296297 0.4322916666666667 0.9009259259259259 0.43020833333333336 0.8935185185185185 0.4234375 0.8916666666666667