0 0.8676814988290398 0.975 0.8676814988290398 0.9979166666666667 0.8805620608899297 0.9979166666666667 0.8981264637002342 0.98125 0.8887587822014051 0.9729166666666667
0 0.6112412177985949 0.8854166666666666 0.6100702576112412 0.8979166666666667 0.6264637002341921 0.9104166666666667 0.6651053864168618 0.9125 0.6814988290398126 0.925 0.6920374707259953 0.9395833333333333 0.7072599531615925 0.9791666666666666 0.7131147540983607 0.9770833333333333 0.7201405152224825 0.95625 0.711943793911007 0.9541666666666667 0.7060889929742389 0.94375 0.7037470725995316 0.9166666666666666 0.6908665105386417 0.88125 0.6323185011709602 0.8854166666666666 0.6159250585480094 0.875
0 0.4613583138173302 0.8041666666666667 0.4613583138173302 0.825 0.4718969555035129 0.8354166666666667 0.4964871194379391 0.88125 0.5257611241217799 0.9 0.544496487119438 0.8979166666666667 0.5562060889929742 0.8854166666666666 0.5562060889929742 0.8791666666666667 0.5398126463700235 0.85625 0.5292740046838408 0.85625 0.5210772833723654 0.86875 0.5105386416861827 0.86875 0.49882903981264637 0.8479166666666667 0.4953161592505855 0.8208333333333333 0.48009367681498827 0.80625
0 0.49414519906323184 0.6927083333333334 0.00936768149882904 0.0020833333333333333
0 0.6826697892271663 0.48125 0.6744730679156908 0.4875 0.6756440281030445 0.5041666666666667 0.6885245901639344 0.50625 0.6943793911007026 0.5 0.689695550351288 0.48125
0 0.33138173302107726 0.45208333333333334 0.34192037470725994 0.48125 0.3360655737704918 0.4979166666666667 0.3360655737704918 0.5208333333333334 0.32903981264637 0.55 0.33138173302107726 0.6125 0.3430913348946136 0.6291666666666667 0.36533957845433257 0.625 0.3805620608899297 0.64375 0.41217798594847777 0.6604166666666667 0.41451990632318503 0.70625 0.4215456674473068 0.7166666666666667 0.43911007025761123 0.7229166666666667 0.4531615925058548 0.7666666666666667 0.46252927400468385 0.7729166666666667 0.47423887587822017 0.7625 0.4648711943793911 0.7416666666666667 0.4648711943793911 0.73125 0.4718969555035129 0.71875 0.4637002341920375 0.7041666666666667 0.46252927400468385 0.6895833333333333 0.47306791569086654 0.6791666666666667 0.4765807962529274 0.6166666666666667 0.4953161592505855 0.5854166666666667 0.4953161592505855 0.5645833333333333 0.49882903981264637 0.5604166666666667 0.5035128805620609 0.525 0.522248243559719 0.51875 0.5257611241217799 0.5291666666666667 0.5339578454332553 0.5291666666666667 0.544496487119438 0.5416666666666666 0.5562060889929742 0.5416666666666666 0.5620608899297423 0.5541666666666667 0.5702576112412178 0.55 0.5878220140515222 0.5625 0.5901639344262295 0.5708333333333333 0.5866510538641686 0.58125 0.5878220140515222 0.6 0.5819672131147541 0.6083333333333333 0.5843091334894613 0.6166666666666667 0.6124121779859485 0.6166666666666667 0.6217798594847775 0.6104166666666667 0.6241217798594848 0.6 0.6252927400468384 0.5854166666666667 0.6217798594847775 0.5791666666666667 0.6252927400468384 0.575 0.6252927400468384 0.5625 0.6100702576112412 0.56875 0.594847775175644 0.55625 0.5925058548009368 0.55 0.5971896955503513 0.5416666666666666 0.5901639344262295 0.53125 0.5889929742388759 0.5104166666666666 0.5807962529274004 0.49375 0.5796252927400468 0.48125 0.5679156908665105 0.475 0.5573770491803278 0.5229166666666667 0.5526932084309133 0.5229166666666667 0.5480093676814989 0.5104166666666666 0.5374707259953162 0.5104166666666666 0.5281030444964872 0.5 0.5281030444964872 0.46875 0.531615925058548 0.45 0.5386416861826698 0.4375 0.5362997658079626 0.41041666666666665 0.5456674473067916 0.375 0.5409836065573771 0.36875 0.5327868852459017 0.36875 0.5234192037470726 0.3854166666666667 0.5175644028103045 0.4083333333333333 0.4953161592505855 0.42291666666666666 0.4918032786885246 0.41875 0.4847775175644028 0.42916666666666664 0.4718969555035129 0.43125 0.4765807962529274 0.4479166666666667 0.47423887587822017 0.4708333333333333 0.4601873536299766 0.475 0.45901639344262296 0.48541666666666666 0.45081967213114754 0.4875 0.4379391100702576 0.5375 0.41920374707259955 0.5541666666666667 0.4063231850117096 0.55625 0.40398126463700235 0.5854166666666667 0.3981264637002342 0.59375 0.39695550351288056 0.5854166666666667 0.37822014051522246 0.5854166666666667 0.3770491803278688 0.5729166666666666 0.36533957845433257 0.5708333333333333 0.36533957845433257 0.5541666666666667 0.36065573770491804 0.5395833333333333 0.36416861826697894 0.5125 0.3618266978922717 0.5 0.34894613583138173 0.48125 0.3407494145199063 0.44166666666666665 0.3325526932084309 0.44166666666666665
0 0.4379391100702576 0.3229166666666667 0.4332552693208431 0.3625 0.4262295081967213 0.3729166666666667 0.4238875878220141 0.36875 0.4098360655737705 0.37916666666666665 0.41569086651053866 0.3875 0.4133489461358314 0.39375 0.4168618266978923 0.4125 0.42857142857142855 0.4166666666666667 0.43208430913348944 0.41041666666666665 0.4332552693208431 0.4166666666666667 0.4426229508196721 0.42083333333333334 0.44028103044496486 0.43125 0.44379391100702575 0.425 0.4476967213114754 0.43125 0.46604215456674475 0.4354166666666667 0.4648711943793911 0.4 0.4601873536299766 0.3875 0.46252927400468385 0.35625 0.44730679156908665 0.3229166666666667
0 0.32435597189695553 0.2375 0.319672131147541 0.25416666666666665 0.33840749414519905 0.275 0.351288056206089 0.3125 0.3629976580796253 0.3125 0.3665105386416862 0.2916666666666667 0.36416861826697894 0.25 0.3407494145199063 0.24375 0.33840749414519905 0.23541666666666666
0 0.15046838407494145 0.10208333333333333 0.00585480093676815 0.004166666666666667
0 0.16627634660421545 0.1 0.16627634660421545 0.10625 0.1592505854800937 0.1125 0.16159250585480095 0.125 0.16978922716627634 0.125 0.1721311475409836 0.11041666666666666
0 0.15807962529274006 0.058333333333333334 0.15690866510538642 0.06875 0.16276346604215455 0.06875 0.16510538641686182 0.05416666666666667
0 0.14402810304449648 0.03958333333333333 0.00234192037470726 0.004166666666666667
0 0.0936768149882904 0.0875 0.0936768149882904 0.12916666666666668 0.13466042154566746 0.21875 0.15105386416861827 0.23541666666666666 0.16978922716627634 0.24375 0.18384074941451992 0.28125 0.20725995316159251 0.3125 0.22950819672131148 0.3229166666666667 0.265807962529274 0.3541666666666667 0.27985948477751754 0.3541666666666667 0.26697892271662765 0.3125 0.2540983606557377 0.3125 0.25175644028103045 0.30625 0.23302107728337237 0.29791666666666666 0.2306791569086651 0.28541666666666665 0.2189695550351288 0.2708333333333333 0.21779859484777517 0.2604166666666667 0.19789227166276346 0.24375 0.19320843091334894 0.23333333333333334 0.19672131147540983 0.2125 0.20843091334894615 0.2 0.2388758782201405 0.20416666666666666 0.25175644028103045 0.2 0.2646370023419204 0.18541666666666667 0.26346604215456676 0.10625 0.25526932084309134 0.07291666666666667 0.2540983606557377 0.029166666666666667 0.2681498829039813 0.004166666666666667 0.26346604215456676 0.0125 0.2617096018735363 0.004166666666666667 0.24824355971896955 0.010416666666666666 0.2423887587822014 0 0.21779859484777517 0 0.2306791569086651 0.025 0.234192037470726 0.052083333333333336 0.23185011709601874 0.07083333333333333 0.23653395784543327 0.09791666666666667 0.22950819672131148 0.11666666666666667 0.2189695550351288 0.12916666666666668 0.21779859484777517 0.14375 0.20960187353629978 0.15 0.21428571428571427 0.17083333333333334 0.20608899297423888 0.17916666666666667 0.19437939110070257 0.16875 0.18149882903981265 0.175 0.17330210772833723 0.16875 0.16744730679156908 0.1875 0.1592505854800937 0.1875 0.1451990632318501 0.17291666666666666 0.1451990632318501 0.15 0.15807962529274006 0.1375 0.15339578454332553 0.13541666666666666 0.15339578454332553 0.12291666666666666 0.13700234192037472 0.125 0.1358313817330211 0.1125 0.13114754098360656 0.10833333333333334 0.1323185011709602 0.1 0.1252927400468384 0.09791666666666667 0.12060889929742388 0.07708333333333334 0.13348946135831383 0.075 0.1323185011709602 0.06875 0.12177985948477751 0.075 0.12060889929742388 0.06666666666666667 0.10889929742388758 0.0625
0 0.15690866510538642 0 0.15456674473067916 0.016666666666666666 0.16042154566744732 0.035416666666666666 0.15807962529274006 0.041666666666666664 0.16276346604215455 0.05 0.1686182669789227 0.04791666666666667 0.17330210772833723 0.025 0.1721311475409836 0.004166666666666667