0 0.7078454332552693 0.9322916666666666 0.00117096018735363 0.00625
0 0.6083138173302107 0.9114583333333334 0.00117096018735363 0.010416666666666666
0 0.6088992974238876 0.8739583333333333 0.00234192037470726 0.0020833333333333333
0 0.5327868852459017 0.8666666666666667 0.5281030444964872 0.8666666666666667 0.5281030444964872 0.875 0.5362997658079626 0.8791666666666667 0.5386416861826698 0.875
0 0.40046838407494145 0.8083333333333333 0.3992974238875878 0.81875 0.4028103044496487 0.825 0.4063231850117096 0.8125 0.41100702576112413 0.81875 0.41100702576112413 0.8125
0 0.45491803278688525 0.7458333333333333 0.00117096018735363 0.008333333333333333
0 0.5644028103044496 0.7333333333333333 0.00234192037470726 0.004166666666666667
0 0.509367681498829 0.7583333333333333 0.5081967213114754 0.76875 0.5035128805620609 0.7729166666666667 0.5035128805620609 0.7854166666666667 0.509367681498829 0.79375 0.5105386416861827 0.8104166666666667 0.5163934426229508 0.8229166666666666 0.5234192037470726 0.8354166666666667 0.5281030444964872 0.8354166666666667 0.531615925058548 0.825 0.531615925058548 0.7729166666666667 0.5281030444964872 0.7479166666666667 0.522248243559719 0.75 0.5281030444964872 0.7375 0.5269320843091335 0.73125 0.5199063231850117 0.7541666666666667
0 0.2540983606557377 0.70625 0.2505854800936768 0.70625 0.2540983606557377 0.7166666666666667 0.25175644028103045 0.725 0.25526932084309134 0.7229166666666667
0 0.7576112412177985 0.6729166666666667 0.7576112412177985 0.6791666666666667 0.765807962529274 0.6875 0.7681498829039812 0.6791666666666667
0 0.6487119437939111 0.65 0.6475409836065574 0.6875 0.6662763466042154 0.71875 0.667447306791569 0.7291666666666666 0.6779859484777517 0.7229166666666667 0.680327868852459 0.70625 0.6744730679156908 0.6979166666666666 0.6779859484777517 0.6875 0.6721311475409836 0.6729166666666667 0.6756440281030445 0.6625 0.6639344262295082 0.6479166666666667
0 0.00702576112412178 0.6458333333333334 0.0117096018735363 0.7229166666666667 0.026932084309133488 0.775 0.01990632318501171 0.8125 0.00351288056206089 0.8541666666666666 0.00234192037470726 0.8833333333333333 0.00819672131147541 0.9 0.00819672131147541 0.9270833333333334 0 0.94375 0.00234192037470726 0.9916666666666667 0.05152224824355972 0.9916666666666667 0.05152224824355972 0.9791666666666666 0.07494145199063232 0.975 0.08079625292740047 0.9604166666666667 0.08548009367681499 0.9604166666666667 0.08548009367681499 0.94375 0.07611241217798595 0.9375 0.08079625292740047 0.9166666666666666 0.08430913348946135 0.91875 0.08430913348946135 0.9291666666666667 0.09250585480093677 0.9291666666666667 0.09484777517564402 0.9375 0.10889929742388758 0.9375 0.11241217798594848 0.9291666666666667 0.11124121779859485 0.9125 0.11826697892271663 0.8979166666666667 0.11241217798594848 0.8958333333333334 0.11358313817330211 0.8875 0.09953161592505855 0.8875 0.09250585480093677 0.8979166666666667 0.08548009367681499 0.8979166666666667 0.07611241217798595 0.8833333333333333 0.08079625292740047 0.8666666666666667 0.07962529274004684 0.8416666666666667 0.08430913348946135 0.8354166666666667 0.08430913348946135 0.8 0.07611241217798595 0.8 0.07259953161592506 0.79375 0.0702576112412178 0.7625 0.04449648711943794 0.7166666666666667 0.03747072599531616 0.6895833333333333 0.02927400468384075 0.6791666666666667 0.0234192037470726 0.65 0.0117096018735363 0.6375
0 0.8571428571428571 0.6375 0.8559718969555035 0.7104166666666667 0.8653395784543325 0.725 0.8735362997658079 0.725 0.8770491803278688 0.7166666666666667 0.8805620608899297 0.6666666666666666 0.8770491803278688 0.6375 0.8688524590163934 0.6291666666666667
0 0.9672131147540983 0.6125 0.9660421545667447 0.6395833333333333 0.9754098360655737 0.64375 0.9754098360655737 0.60625 0.9707259953161592 0.6041666666666666
0 0.747072599531616 0.51875 0.7423887587822015 0.53125 0.7587822014051522 0.51875
0 0.3911007025761124 0.46458333333333335 0.3911007025761124 0.47291666666666665 0.3981264637002342 0.47291666666666665 0.4028103044496487 0.45625
0 0.3992974238875878 0.4375 0.39344262295081966 0.44166666666666665 0.4016393442622951 0.44166666666666665
0 0.6990632318501171 0.43333333333333335 0.702576112412178 0.46041666666666664 0.7060889929742389 0.4625 0.7060889929742389 0.4375 0.702576112412178 0.42916666666666664
0 0.12997658079625293 0.85 0.1288056206088993 0.8875 0.13348946135831383 0.8875 0.13466042154566746 0.88125 0.15339578454332553 0.88125 0.1557377049180328 0.9166666666666666 0.16276346604215455 0.9229166666666667 0.1686182669789227 0.9229166666666667 0.17096018735362997 0.9083333333333333 0.1791569086651054 0.9020833333333333 0.18032786885245902 0.8979166666666667 0.17447306791569087 0.89375 0.17798594847775176 0.8875 0.1756440281030445 0.8770833333333333 0.19437939110070257 0.875 0.19672131147540983 0.8520833333333333 0.202576112412178 0.8479166666666667 0.1990632318501171 0.8395833333333333 0.20608899297423888 0.8333333333333334 0.20960187353629978 0.8375 0.20960187353629978 0.8625 0.21662763466042154 0.8666666666666667 0.22365339578454332 0.8916666666666667 0.234192037470726 0.8979166666666667 0.24473067915690866 0.875 0.24355971896955503 0.8270833333333333 0.25175644028103045 0.8125 0.25526932084309134 0.7875 0.2611241217798595 0.7875 0.2681498829039813 0.8104166666666667 0.2681498829039813 0.825 0.2822014051522248 0.85625 0.2810304449648712 0.8625 0.28688524590163933 0.8666666666666667 0.29508196721311475 0.8916666666666667 0.30679156908665106 0.89375 0.31381733021077285 0.8625 0.3149882903981265 0.83125 0.32903981264637 0.8208333333333333 0.3360655737704918 0.825 0.3430913348946136 0.84375 0.3407494145199063 0.8604166666666667 0.35011709601873536 0.8666666666666667 0.35362997658079626 0.85 0.3770491803278688 0.8 0.41100702576112413 0.7979166666666667 0.42505854800936765 0.75625 0.4262295081967213 0.725 0.4309133489461358 0.7229166666666667 0.4297423887587822 0.7083333333333334 0.43911007025761123 0.69375 0.4484777517564403 0.6979166666666666 0.4496487119437939 0.7375 0.45433255269320844 0.725 0.45901639344262296 0.7375 0.45550351288056207 0.7208333333333333 0.45901639344262296 0.70625 0.4648711943793911 0.7041666666666667 0.4707259953161593 0.6875 0.48243559718969553 0.6791666666666667 0.4882903981264637 0.6625 0.509367681498829 0.6791666666666667 0.5245901639344263 0.6395833333333333 0.550351288056206 0.6416666666666667 0.5585480093676815 0.6604166666666667 0.563231850117096 0.6604166666666667 0.5714285714285714 0.675 0.5843091334894613 0.6729166666666667 0.5878220140515222 0.6666666666666666 0.594847775175644 0.6666666666666666 0.5971896955503513 0.6729166666666667 0.6053864168618267 0.6666666666666666 0.607728337236534 0.6479166666666667 0.6217798594847775 0.6479166666666667 0.6370023419203747 0.6166666666666667 0.6522248243559718 0.6166666666666667 0.6709601873536299 0.6375 0.6791569086651054 0.6375 0.6850117096018735 0.625 0.6932084309133489 0.6229166666666667 0.6967213114754098 0.6395833333333333 0.7131147540983607 0.65625 0.7177985948477752 0.66875 0.7166276346604216 0.675 0.7049180327868853 0.6770833333333334 0.7072599531615925 0.7041666666666667 0.7060889929742389 0.6916666666666667 0.7096018735362998 0.6979166666666666 0.7142857142857143 0.6770833333333334 0.7295081967213115 0.6875 0.7435597189695551 0.6791666666666667 0.7400468384074942 0.66875 0.7505854800936768 0.6604166666666667 0.752927400468384 0.6375 0.7599531615925058 0.64375 0.7810304449648712 0.64375 0.7868852459016393 0.6375 0.7915690866510539 0.625 0.7915690866510539 0.58125 0.7868852459016393 0.5666666666666667 0.7716627634660421 0.5625 0.7681498829039812 0.56875 0.7693208430913349 0.5895833333333333 0.7646370023419203 0.6 0.7552693208430913 0.6 0.7540983606557377 0.5916666666666667 0.7459016393442623 0.6041666666666666 0.7388758782201406 0.5520833333333334 0.7412177985948478 0.5416666666666666 0.7459016393442623 0.5416666666666666 0.7400468384074942 0.5291666666666667 0.7306791569086651 0.5291666666666667 0.7189695550351288 0.55 0.7177985948477752 0.56875 0.7107728337236534 0.56875 0.7107728337236534 0.5625 0.7060889929742389 0.5604166666666667 0.7060889929742389 0.56875 0.6990632318501171 0.5791666666666667 0.6814988290398126 0.5854166666666667 0.6756440281030445 0.5791666666666667 0.6779859484777517 0.56875 0.6709601873536299 0.5520833333333334 0.6697892271662763 0.5375 0.6592505854800936 0.5375 0.6463700234192038 0.5645833333333333 0.6428571428571429 0.5979166666666667 0.6358313817330211 0.6104166666666667 0.6264637002341921 0.6125 0.6100702576112412 0.6041666666666666 0.607728337236534 0.6166666666666667 0.5983606557377049 0.6166666666666667 0.5925058548009368 0.6083333333333333 0.5971896955503513 0.6041666666666666 0.5971896955503513 0.59375 0.594847775175644 0.5979166666666667 0.585480093676815 0.5729166666666666 0.5901639344262295 0.5666666666666667 0.5866510538641686 0.5395833333333333 0.5983606557377049 0.49583333333333335 0.607728337236534 0.48541666666666666 0.6088992974238876 0.46041666666666664 0.6053864168618267 0.44166666666666665 0.5843091334894613 0.4375 0.5714285714285714 0.4166666666666667 0.5702576112412178 0.39791666666666664 0.5655737704918032 0.39166666666666666 0.5679156908665105 0.3875 0.5620608899297423 0.37916666666666665 0.5538641686182669 0.37916666666666665 0.5491803278688525 0.39375 0.5409836065573771 0.39375 0.5362997658079626 0.4166666666666667 0.5269320843091335 0.425 0.5199063231850117 0.4479166666666667 0.4964871194379391 0.45 0.4882903981264637 0.46041666666666664 0.4859484777517564 0.48541666666666666 0.48009367681498827 0.4875 0.4765807962529274 0.4979166666666667 0.4648711943793911 0.49166666666666664 0.45081967213114754 0.49375 0.4379391100702576 0.5458333333333333 0.4379391100702576 0.56875 0.4238875878220141 0.5729166666666666 0.4309133489461358 0.5875 0.42857142857142855 0.5916666666666667 0.41451990632318503 0.5916666666666667 0.405152224824356 0.5770833333333333 0.405152224824356 0.5354166666666667 0.4016393442622951 0.51875 0.39227166276346603 0.5208333333333334 0.38524590163934425 0.5416666666666666 0.38875878220140514 0.5979166666666667 0.3770491803278688 0.6083333333333333 0.373536299765808 0.6291666666666667 0.35362997658079626 0.6375 0.3524590163934426 0.6604166666666667 0.33021077283372363 0.69375 0.32084309133489464 0.6916666666666667 0.3126463700234192 0.68125 0.3044496487119438 0.6875 0.2939110070257611 0.7083333333333334 0.2892271662763466 0.6979166666666666 0.2810304449648712 0.7375 0.2693208430913349 0.7583333333333333 0.265807962529274 0.7791666666666667 0.2540983606557377 0.7833333333333333 0.2459016393442623 0.7729166666666667 0.234192037470726 0.7729166666666667 0.22365339578454332 0.75 0.2224824355971897 0.7291666666666666 0.20843091334894615 0.7416666666666667 0.202576112412178 0.7666666666666667 0.17447306791569087 0.7729166666666667 0.17330210772833723 0.7916666666666666 0.1557377049180328 0.7875 0.14168618266978922 0.7604166666666666 0.1358313817330211 0.7604166666666666 0.1358313817330211 0.8041666666666667