0 0.7828125 0.8652777777777778 0.78125 0.8680555555555556 0.7890625 0.8652777777777778 0.7828125 0.8652777777777778
0 0.6265625 0.8138888888888889 0.62578125 0.8305555555555556 0.64609375 0.8347222222222223 0.65703125 0.85 0.70703125 0.8597222222222223 0.72421875 0.8583333333333333 0.73046875 0.8652777777777778 0.75390625 0.8694444444444445 0.76328125 0.8666666666666667 0.7625 0.8569444444444444 0.75859375 0.8527777777777777 0.74765625 0.8472222222222222 0.73203125 0.8472222222222222 0.71640625 0.8347222222222223 0.70625 0.8347222222222223 0.70078125 0.8166666666666667 0.6890625 0.8208333333333333 0.6796875 0.8305555555555556 0.6703125 0.8305555555555556 0.6609375 0.8152777777777778 0.64609375 0.8152777777777778 0.6359375 0.8041666666666667 0.62890625 0.8069444444444445 0.6265625 0.8138888888888889
0 0.5921875 0.7930555555555555 0.59375 0.7972222222222223 0.58984375 0.8138888888888889 0.59375 0.8138888888888889 0.60078125 0.8236111111111111 0.61328125 0.8222222222222222 0.609375 0.7805555555555556 0.6046875 0.7736111111111111 0.5984375 0.7736111111111111 0.5921875 0.7930555555555555
0 0.36328125 0.7111111111111111 0.36484375 0.725 0.375 0.7375 0.38515625 0.7375 0.3890625 0.7333333333333333 0.4 0.7444444444444445 0.40625 0.7402777777777778 0.4046875 0.7305555555555555 0.39296875 0.7277777777777777 0.3921875 0.7111111111111111 0.38828125 0.7083333333333334 0.3828125 0.6930555555555555 0.375 0.6930555555555555 0.36328125 0.7111111111111111
0 0.4875 0.6944444444444444 0.49453125 0.7180555555555556 0.49453125 0.7291666666666666 0.4890625 0.7402777777777778 0.48828125 0.7569444444444444 0.4828125 0.7736111111111111 0.4859375 0.7791666666666667 0.5171875 0.7944444444444444 0.525 0.8027777777777778 0.54765625 0.8027777777777778 0.56796875 0.8097222222222222 0.575 0.8180555555555555 0.5828125 0.8152777777777778 0.58203125 0.7805555555555556 0.57265625 0.7444444444444445 0.56875 0.7388888888888889 0.56953125 0.725 0.565625 0.7083333333333334 0.56796875 0.6680555555555555 0.55703125 0.6625 0.546875 0.6680555555555555 0.540625 0.6541666666666667 0.5359375 0.6513888888888889 0.51328125 0.6541666666666667 0.5046875 0.6402777777777777 0.496875 0.6472222222222223 0.496875 0.6708333333333333 0.4875 0.6944444444444444
0 0.4 0.6222222222222222 0.39609375 0.6486111111111111 0.4 0.6527777777777778 0.4109375 0.6458333333333334 0.425 0.6277777777777778 0.425 0.6208333333333333 0.41953125 0.6180555555555556 0.4046875 0.6166666666666667 0.4 0.6222222222222222
0 0.3015625 0.6180555555555556 0.3 0.6263888888888889 0.30234375 0.6305555555555555 0.3109375 0.6291666666666667 0.31015625 0.6180555555555556 0.3015625 0.6180555555555556
0 0.4390625 0.6097222222222223 0.434375 0.6208333333333333 0.43515625 0.6305555555555555 0.43984375 0.6625 0.44296875 0.6694444444444444 0.4453125 0.7013888888888888 0.4515625 0.7055555555555556 0.45234375 0.6722222222222223 0.4546875 0.6680555555555555 0.45625 0.6486111111111111 0.46171875 0.6347222222222222 0.46171875 0.6194444444444445 0.45390625 0.6055555555555555 0.44453125 0.6027777777777777 0.4390625 0.6097222222222223
0 0.3390625 0.6125 0.3375 0.6333333333333333 0.34609375 0.6430555555555556 0.35234375 0.6430555555555556 0.3609375 0.6305555555555555 0.37734375 0.6263888888888889 0.39296875 0.6041666666666666 0.39296875 0.5861111111111111 0.3953125 0.5805555555555556 0.38828125 0.5791666666666667 0.3796875 0.5902777777777778 0.36953125 0.5916666666666667 0.3609375 0.6055555555555555 0.34296875 0.6055555555555555 0.3390625 0.6125
0 0.43515625 0.5722222222222222 0.43125 0.5777777777777777 0.43515625 0.5944444444444444 0.44765625 0.5916666666666667 0.46015625 0.5777777777777777 0.45703125 0.5652777777777778 0.43515625 0.5722222222222222
0 0.3265625 0.5694444444444444 0.3265625 0.5819444444444445 0.35546875 0.5736111111111111 0.3671875 0.5513888888888889 0.36796875 0.5305555555555556 0.3625 0.5222222222222223 0.35546875 0.5222222222222223 0.35390625 0.5333333333333333 0.35 0.5402777777777777 0.3359375 0.5625 0.3265625 0.5694444444444444
0 0.37578125 0.45555555555555555 0.37265625 0.4625 0.38046875 0.4708333333333333 0.38203125 0.48055555555555557 0.38515625 0.48194444444444445 0.3875 0.49027777777777776 0.39375 0.4875 0.4015625 0.47638888888888886 0.4 0.45555555555555555 0.37578125 0.45555555555555555
0 0.359375 0.44166666666666665 0.35390625 0.44583333333333336 0.3515625 0.44305555555555554 0.35546875 0.4527777777777778 0.36015625 0.45555555555555555 0.36171875 0.4513888888888889 0.359375 0.44166666666666665
0 0.334375 0.4173611111111111 0.0015625 0.001388888888888889
0 0.3 0.39444444444444443 0.2953125 0.40555555555555556 0.3 0.4305555555555556 0.32421875 0.44722222222222224 0.31484375 0.4166666666666667 0.31171875 0.3958333333333333 0.30703125 0.3902777777777778 0.3 0.39444444444444443