0 0.00234192037470726 0.9104166666666667 0.00234192037470726 0.9166666666666666 0.00702576112412178 0.9125
0 0.9976580796252927 0.5614583333333333 0.00234192037470726 0.0020833333333333333
0 0.8612412177985949 0.26458333333333334 0.00117096018735363 0.004166666666666667
0 0.8782201405152225 0.15 0.8758782201405152 0.17916666666666667 0.870023419203747 0.18125 0.8852459016393442 0.1875 0.8934426229508197 0.2125 0.8911007025761124 0.21666666666666667 0.8981264637002342 0.21458333333333332 0.9016393442622951 0.23541666666666666 0.8981264637002342 0.24375 0.9121779859484778 0.24791666666666667 0.9086651053864169 0.23125 0.9098360655737705 0.22291666666666668 0.914519906323185 0.22291666666666668 0.9098360655737705 0.21666666666666667 0.9098360655737705 0.20416666666666666 0.9004683840749415 0.20208333333333334 0.9039812646370023 0.1875 0.9028103044496487 0.15625 0.9004683840749415 0.15 0.8934426229508197 0.15625 0.8899297423887588 0.15
0 0.8864168618266979 0.14166666666666666 0.8864168618266979 0.14791666666666667 0.9016393442622951 0.14791666666666667 0.8946135831381733 0.1375
0 0.6955503512880562 0.5833333333333334 0.6908665105386417 0.5979166666666667 0.6943793911007026 0.6020833333333333 0.6932084309133489 0.6229166666666667 0.6873536299765808 0.6208333333333333 0.6885245901639344 0.6104166666666667 0.6814988290398126 0.6125 0.6838407494145199 0.65 0.6908665105386417 0.6666666666666666 0.6978922716627635 0.6604166666666667 0.6978922716627635 0.6291666666666667 0.7037470725995316 0.61875 0.6967213114754098 0.5833333333333334
0 0.8313817330210773 0.04583333333333333 0.8290398126463701 0.06875 0.8372365339578455 0.12708333333333333 0.8348946135831382 0.15625 0.8384074941451991 0.16041666666666668 0.8454332552693209 0.13958333333333334 0.8430913348946136 0.13541666666666666 0.8466042154566745 0.11041666666666666 0.8559718969555035 0.10208333333333333 0.8477751756440282 0.09375 0.8442622950819673 0.06458333333333334 0.8360655737704918 0.04583333333333333
0 0.41451990632318503 0.5625 0.4133489461358314 0.5791666666666667 0.40398126463700235 0.5875 0.4028103044496487 0.59375 0.40749414519906324 0.6 0.40398126463700235 0.6083333333333333 0.40046838407494145 0.5979166666666667 0.39695550351288056 0.6145833333333334 0.40046838407494145 0.61875 0.38992974238875877 0.6291666666666667 0.38875878220140514 0.6375 0.3758782201405152 0.6375 0.3711943793911007 0.6291666666666667 0.37236533957845436 0.61875 0.3629976580796253 0.625 0.3594847775175644 0.6104166666666667 0.35362997658079626 0.6208333333333333 0.3618266978922717 0.6229166666666667 0.3618266978922717 0.6291666666666667 0.3665105386416862 0.6270833333333333 0.36768149882903983 0.6375 0.3747072599531616 0.64375 0.373536299765808 0.6875 0.3864168618266979 0.7 0.38992974238875877 0.73125 0.40046838407494145 0.7104166666666667 0.40046838407494145 0.6895833333333333 0.41451990632318503 0.6895833333333333 0.41569086651053866 0.625 0.40749414519906324 0.61875 0.4028103044496487 0.6229166666666667 0.40046838407494145 0.6125 0.41451990632318503 0.6104166666666667 0.41451990632318503 0.5708333333333333
0 0.7377049180327869 0.125 0.734192037470726 0.13958333333333334 0.7365339578454333 0.21875 0.7271662763466042 0.2604166666666667 0.7236533957845434 0.26458333333333334 0.7131147540983607 0.25416666666666665 0.7096018735362998 0.21458333333333332 0.7060889929742389 0.21458333333333332 0.7037470725995316 0.225 0.7060889929742389 0.2916666666666667 0.711943793911007 0.3 0.7201405152224825 0.3 0.724824355971897 0.2875 0.7318501170960188 0.29375 0.7306791569086651 0.34375 0.7365339578454333 0.35833333333333334 0.7412177985948478 0.35833333333333334 0.7447306791569087 0.3458333333333333 0.7459016393442623 0.30833333333333335 0.7552693208430913 0.27708333333333335 0.7716627634660421 0.275 0.7763466042154566 0.22083333333333333 0.775175644028103 0.17083333333333334 0.7786885245901639 0.16458333333333333 0.775175644028103 0.15416666666666667 0.7704918032786885 0.15625 0.7681498829039812 0.20416666666666666 0.7552693208430913 0.22083333333333333 0.7388758782201406 0.12708333333333333
0 0.1885245901639344 0.55625 0.19086651053864168 0.5916666666666667 0.18266978922716628 0.6354166666666666 0.18266978922716628 0.6541666666666667 0.16744730679156908 0.6395833333333333 0.16276346604215455 0.6395833333333333 0.16159250585480095 0.65 0.16627634660421545 0.6541666666666667 0.16393442622950818 0.6625 0.1721311475409836 0.66875 0.1686182669789227 0.6770833333333334 0.1873536299765808 0.6770833333333334 0.19437939110070257 0.6854166666666667 0.1955503512880562 0.7291666666666666 0.20023419203747073 0.7333333333333333 0.1955503512880562 0.7354166666666667 0.1955503512880562 0.7458333333333333 0.20140515222482436 0.7541666666666667 0.20608899297423888 0.75 0.20960187353629978 0.7645833333333333 0.20843091334894615 0.78125 0.20491803278688525 0.7854166666666667 0.20374707259953162 0.7791666666666667 0.1990632318501171 0.7791666666666667 0.20491803278688525 0.7854166666666667 0.1990632318501171 0.7895833333333333 0.20843091334894615 0.7875 0.21311475409836064 0.775 0.22950819672131148 0.7833333333333333 0.24004683840749413 0.775 0.2388758782201405 0.7666666666666667 0.2423887587822014 0.7604166666666666 0.23536299765807964 0.7375 0.2423887587822014 0.7333333333333333 0.23536299765807964 0.7291666666666666 0.23536299765807964 0.6958333333333333 0.2423887587822014 0.6916666666666667 0.24941451990632318 0.6604166666666667 0.24824355971896955 0.6395833333333333 0.2423887587822014 0.6333333333333333 0.2459016393442623 0.6145833333333334 0.25175644028103045 0.6083333333333333 0.24707259953161592 0.5875 0.24824355971896955 0.56875 0.2388758782201405 0.5708333333333333 0.24004683840749413 0.61875 0.23770491803278687 0.6229166666666667 0.234192037470726 0.6104166666666667 0.2224824355971897 0.6083333333333333 0.22131147540983606 0.6291666666666667 0.21194379391100704 0.6270833333333333 0.20960187353629978 0.6583333333333333 0.20725995316159251 0.6104166666666667 0.19789227166276346 0.6041666666666666 0.19086651053864168 0.5875 0.1955503512880562 0.58125 0.19672131147540983 0.55625
0 0.0117096018735363 0.5625 0 0.5770833333333333 0 0.8708333333333333 0.00351288056206089 0.8729166666666667 0.01873536299765808 0.86875 0.01756440281030445 0.8354166666666667 0.02576112412177986 0.8145833333333333 0.02927400468384075 0.7770833333333333 0.03864168618266979 0.7770833333333333 0.040983606557377046 0.7895833333333333 0.05620608899297424 0.8041666666666667 0.05620608899297424 0.8104166666666667 0.059718969555035126 0.8083333333333333 0.06206088992974239 0.8166666666666667 0.06674473067915691 0.8166666666666667 0.06908665105386416 0.7979166666666667 0.06557377049180328 0.78125 0.06557377049180328 0.7375 0.0585480093676815 0.6833333333333333 0.06791569086651054 0.675 0.07611241217798595 0.6854166666666667 0.07377049180327869 0.6895833333333333 0.08079625292740047 0.69375 0.07845433255269321 0.6770833333333334 0.08313817330210772 0.6625 0.08313817330210772 0.6395833333333333 0.08665105386416862 0.6354166666666666 0.06088992974238876 0.5791666666666667 0.05035128805620609 0.5875 0.04215456674473068 0.5854166666666667 0.03747072599531616 0.5708333333333333 0.01756440281030445 0.5625
0 0.5605971896955504 0 0.5152224824355972 0.004166666666666667 0.5187353629976581 0.008333333333333333 0.5245901639344263 0.08541666666666667 0.531615925058548 0.1125 0.5245901639344263 0.1625 0.5292740046838408 0.24791666666666667 0.5245901639344263 0.27291666666666664 0.5128805620608899 0.28541666666666665 0.509367681498829 0.32708333333333334 0.5011709601873536 0.33125 0.4859484777517564 0.35625 0.4882903981264637 0.4041666666666667 0.4859484777517564 0.4270833333333333 0.47892271662763464 0.44166666666666665 0.48243559718969553 0.44583333333333336 0.4859484777517564 0.5125 0.477751756440281 0.5270833333333333 0.47306791569086654 0.525 0.46955503512880564 0.5125 0.4601873536299766 0.5125 0.45901639344262296 0.5 0.4707259953161593 0.49375 0.4613583138173302 0.49166666666666664 0.45784543325526933 0.48333333333333334 0.4601873536299766 0.46875 0.45081967213114754 0.47291666666666665 0.4484777517564403 0.525 0.45784543325526933 0.5333333333333333 0.4566744730679157 0.5645833333333333 0.46955503512880564 0.5729166666666666 0.4601873536299766 0.59375 0.4496487119437939 0.5770833333333333 0.45433255269320844 0.5666666666666667 0.4496487119437939 0.5479166666666667 0.4519906323185012 0.5458333333333333 0.446135831381733 0.5458333333333333 0.4426229508196721 0.5333333333333333 0.4379391100702576 0.53125 0.44028103044496486 0.5354166666666667 0.43208430913348944 0.54375 0.4215456674473068 0.5416666666666666 0.4180327868852459 0.5520833333333334 0.4274004683840749 0.5458333333333333 0.43559718969555034 0.5583333333333333 0.43559718969555034 0.5666666666666667 0.4309133489461358 0.5708333333333333 0.4344262295081967 0.5854166666666667 0.4309133489461358 0.6791666666666667 0.43559718969555034 0.6791666666666667 0.43676814988290397 0.6854166666666667 0.43208430913348944 0.6895833333333333 0.4414519906323185 0.6854166666666667 0.446135831381733 0.7041666666666667 0.4531615925058548 0.7083333333333334 0.46252927400468385 0.6645833333333333 0.46604215456674475 0.6583333333333333 0.46955503512880564 0.6645833333333333 0.4882903981264637 0.6375 0.49063231850117095 0.6479166666666667 0.49765807962529274 0.6479166666666667 0.5011709601873536 0.65625 0.5 0.6916666666666667 0.5046838407494145 0.6958333333333333 0.5128805620608899 0.7333333333333333 0.5070257611241218 0.7375 0.5117096018735363 0.7479166666666667 0.5070257611241218 0.7520833333333333 0.5081967213114754 0.7666666666666667 0.5128805620608899 0.76875 0.5117096018735363 0.7770833333333333 0.5210772833723654 0.76875 0.5163934426229508 0.7541666666666667 0.522248243559719 0.7541666666666667 0.5187353629976581 0.7479166666666667 0.5257611241217799 0.7375 0.5199063231850117 0.7333333333333333 0.522248243559719 0.725 0.5187353629976581 0.7020833333333333 0.5292740046838408 0.6770833333333334 0.5339578454332553 0.675 0.5398126463700235 0.6833333333333333 0.5433255269320844 0.6645833333333333 0.550351288056206 0.6666666666666666 0.5550351288056206 0.6395833333333333 0.563231850117096 0.6291666666666667 0.5714285714285714 0.6229166666666667 0.5784543325526932 0.6333333333333333 0.5714285714285714 0.64375 0.5655737704918032 0.6395833333333333 0.5702576112412178 0.6791666666666667 0.5644028103044496 0.68125 0.5702576112412178 0.6854166666666667 0.5807962529274004 0.65625 0.5983606557377049 0.6375 0.6053864168618267 0.6375 0.6088992974238876 0.65625 0.6124121779859485 0.6541666666666667 0.6229508196721312 0.6666666666666666 0.6206088992974239 0.6645833333333333 0.6241217798594848 0.6291666666666667 0.629976580796253 0.61875 0.6229508196721312 0.5916666666666667 0.629976580796253 0.5770833333333333 0.6252927400468384 0.5604166666666667 0.6217798594847775 0.5604166666666667 0.6241217798594848 0.55625 0.6194379391100703 0.5520833333333334 0.617096018735363 0.5625 0.6088992974238876 0.5625 0.6053864168618267 0.5729166666666666 0.5995316159250585 0.5666666666666667 0.6018735362997658 0.55625 0.5843091334894613 0.55625 0.5889929742388759 0.5729166666666666 0.5866510538641686 0.5770833333333333 0.594847775175644 0.5708333333333333 0.5971896955503513 0.5791666666666667 0.5843091334894613 0.5854166666666667 0.5761124121779859 0.5770833333333333 0.5831381733021077 0.5708333333333333 0.5807962529274004 0.56875 0.5597189695550351 0.5666666666666667 0.5702576112412178 0.5604166666666667 0.5702576112412178 0.51875 0.5901639344262295 0.5104166666666666 0.594847775175644 0.5145833333333333 0.6053864168618267 0.5041666666666667 0.6100702576112412 0.5166666666666667 0.6112412177985949 0.5375 0.6182669789227166 0.5458333333333333 0.6264637002341921 0.54375 0.6276346604215457 0.53125 0.6358313817330211 0.525 0.6428571428571429 0.5041666666666667 0.6370023419203747 0.49583333333333335 0.6370023419203747 0.48541666666666666 0.6334894613583139 0.4979166666666667 0.6264637002341921 0.49583333333333335 0.6241217798594848 0.47291666666666665 0.6370023419203747 0.4708333333333333 0.6381733021077284 0.44583333333333336 0.6451990632318502 0.4354166666666667 0.6498829039812647 0.44583333333333336 0.6557377049180327 0.4354166666666667 0.6615925058548009 0.28125 0.6569086651053864 0.2791666666666667 0.6545667447306791 0.28541666666666665 0.6475409836065574 0.34375 0.639344262295082 0.34375 0.629976580796253 0.32916666666666666 0.617096018735363 0.32916666666666666 0.6112412177985949 0.31875 0.5831381733021077 0.16875 0.5843091334894613 0.052083333333333336 0.5679156908665105 0.025 0.5667447306791569 0