0 0.6194379391100703 0.9291666666666667 0.6088992974238876 0.9291666666666667 0.6088992974238876 0.9458333333333333 0.6217798594847775 0.9541666666666667 0.6241217798594848 0.94375
0 0.5023419203747073 0.925 0.5023419203747073 0.9375 0.5117096018735363 0.94375 0.5128805620608899 0.9291666666666667
0 0.3875878220140515 0.825 0.38992974238875877 0.8729166666666667 0.4016393442622951 0.88125 0.405152224824356 0.875 0.40398126463700235 0.8354166666666667 0.39695550351288056 0.81875
0 0.3325526932084309 0.7625 0.3337236533957845 0.7791666666666667 0.33840749414519905 0.7791666666666667 0.3407494145199063 0.7729166666666667
0 0.4098360655737705 0.79375 0.40866510538641687 0.81875 0.4168618266978923 0.83125 0.4379391100702576 0.8354166666666667 0.44028103044496486 0.8541666666666666 0.4519906323185012 0.8625 0.4601873536299766 0.8625 0.4648711943793911 0.85 0.46955503512880564 0.85 0.468384074941452 0.8625 0.48711943793911006 0.8979166666666667 0.49882903981264637 0.8979166666666667 0.5 0.8875 0.4765807962529274 0.8666666666666667 0.4613583138173302 0.8291666666666667 0.46604215456674475 0.81875 0.48711943793911006 0.81875 0.4812646370023419 0.7895833333333333 0.45550351288056207 0.7875 0.45081967213114754 0.7625 0.44028103044496486 0.7541666666666667
0 0.594847775175644 0.7125 0.5936768149882904 0.7208333333333333 0.6007025761124122 0.7229166666666667
0 0.6065573770491803 0.6875 0.5901639344262295 0.69375 0.5655737704918032 0.6875 0.5655737704918032 0.69375 0.585480093676815 0.69375 0.6053864168618267 0.7041666666666667
0 0.30679156908665106 0.6166666666666667 0.30562060889929743 0.625 0.31381733021077285 0.625 0.31381733021077285 0.6166666666666667
0 0.41569086651053866 0.60625 0.41451990632318503 0.6125 0.42271662763466045 0.61875 0.4309133489461358 0.6125 0.4309133489461358 0.60625 0.4262295081967213 0.6041666666666666
0 0.2786885245901639 0.6041666666666666 0.2775175644028103 0.6104166666666667 0.28454332552693207 0.6125
0 0.4519906323185012 0.5833333333333334 0.45081967213114754 0.5979166666666667 0.46252927400468385 0.5979166666666667 0.45901639344262296 0.5729166666666666
0 0.234192037470726 0.55625 0.2306791569086651 0.56875 0.23536299765807964 0.58125 0.24355971896955503 0.5916666666666667 0.2540983606557377 0.59375 0.25878220140515223 0.5916666666666667 0.25878220140515223 0.58125 0.2693208430913349 0.5666666666666667 0.2857142857142857 0.56875 0.2939110070257611 0.5604166666666667 0.2810304449648712 0.5416666666666666 0.26346604215456676 0.5416666666666666 0.25878220140515223 0.5354166666666667 0.24473067915690866 0.5416666666666666
0 0.40046838407494145 0.50625 0.3946135831381733 0.5229166666666667 0.3946135831381733 0.5416666666666666 0.4028103044496487 0.5541666666666667 0.41451990632318503 0.5416666666666666 0.41451990632318503 0.5333333333333333 0.4238875878220141 0.5166666666666667 0.4238875878220141 0.5 0.405152224824356 0.5
0 0.4297423887587822 0.49895833333333334 0.00234192037470726 0.0020833333333333333
0 0.5035128805620609 0.5041666666666667 0.5023419203747073 0.5291666666666667 0.5070257611241218 0.5395833333333333 0.5081967213114754 0.5666666666666667 0.5409836065573771 0.6354166666666666 0.5737704918032787 0.6375 0.6053864168618267 0.6666666666666666 0.6112412177985949 0.6916666666666667 0.6088992974238876 0.6979166666666666 0.6194379391100703 0.7083333333333334 0.6135831381733021 0.7104166666666667 0.6100702576112412 0.7229166666666667 0.6124121779859485 0.7354166666666667 0.6381733021077284 0.76875 0.6686182669789227 0.7666666666666667 0.6744730679156908 0.7604166666666666 0.6768149882903981 0.7479166666666667 0.6908665105386417 0.75 0.6943793911007026 0.7666666666666667 0.6873536299765808 0.76875 0.6861826697892272 0.7916666666666666 0.6908665105386417 0.7958333333333333 0.6873536299765808 0.80625 0.6978922716627635 0.81875 0.7060889929742389 0.81875 0.7107728337236534 0.8104166666666667 0.7259953161592506 0.8125 0.7306791569086651 0.8229166666666666 0.7517564402810304 0.8291666666666667 0.7798594847775175 0.8541666666666666 0.8114754098360656 0.8625 0.819672131147541 0.875 0.8278688524590164 0.875 0.8735362997658079 0.9166666666666666 0.9156908665105387 0.9166666666666666 0.9180327868852459 0.9020833333333333 0.9297423887587822 0.8916666666666667 0.9344262295081968 0.875 0.9461358313817331 0.875 0.9894613583138173 0.9041666666666667 0.9988290398126464 0.9041666666666667 0.9988290398126464 0.875 0.9941451990632318 0.8604166666666667 0.9988290398126464 0.8541666666666666 0.9988290398126464 0.8354166666666667 0.9953161592505855 0.8291666666666667 0.9871194379391101 0.81875 0.9437939110070258 0.8041666666666667 0.936768149882904 0.7916666666666666 0.9215456674473068 0.7854166666666667 0.9016393442622951 0.7625 0.8665105386416861 0.75 0.8629976580796253 0.7375 0.84192037470726 0.7104166666666667 0.7997658079625293 0.6854166666666667 0.7798594847775175 0.6520833333333333 0.7728337236533958 0.6125 0.7622950819672131 0.59375 0.7435597189695551 0.59375 0.7412177985948478 0.60625 0.7236533957845434 0.6041666666666666 0.7189695550351288 0.6166666666666667 0.7084309133489461 0.61875 0.6967213114754098 0.6041666666666666 0.6943793911007026 0.58125 0.6592505854800936 0.5916666666666667 0.6487119437939111 0.5791666666666667 0.6451990632318502 0.5645833333333333 0.6475409836065574 0.5541666666666667 0.6615925058548009 0.5541666666666667 0.667447306791569 0.5416666666666666 0.65807962529274 0.5291666666666667 0.6475409836065574 0.53125 0.6194379391100703 0.5666666666666667 0.6112412177985949 0.5666666666666667 0.5960187353629977 0.5333333333333333 0.5960187353629977 0.5 0.5772833723653396 0.48541666666666666 0.5620608899297423 0.45625 0.550351288056206 0.45625 0.5456674473067916 0.46875 0.5480093676814989 0.4979166666666667 0.5562060889929742 0.5 0.5597189695550351 0.5083333333333333 0.5515222482435597 0.51875 0.5281030444964872 0.5166666666666667 0.5187353629976581 0.5