0 0.43515625 0.7083333333333334 0.42734375 0.7375 0.4296875 0.7527777777777778 0.43515625 0.7583333333333333 0.4828125 0.7680555555555556 0.54296875 0.7680555555555556 0.540625 0.7611111111111111 0.5328125 0.7611111111111111 0.52734375 0.7555555555555555 0.525 0.7416666666666667 0.5109375 0.7513888888888889 0.50234375 0.7444444444444445 0.4984375 0.7305555555555555 0.4921875 0.7305555555555555 0.484375 0.7444444444444445 0.47421875 0.7430555555555556 0.4703125 0.7375 0.46875 0.7194444444444444 0.46015625 0.7069444444444445 0.45625 0.7055555555555556 0.45078125 0.7180555555555556 0.44296875 0.7180555555555556 0.43828125 0.7083333333333334
0 0.225 0.5041666666666667 0.22421875 0.5152777777777777 0.21875 0.5069444444444444 0.22890625 0.5277777777777778 0.23046875 0.5416666666666666 0.25078125 0.5416666666666666 0.2609375 0.5638888888888889 0.26640625 0.5666666666666667 0.26640625 0.5875 0.27109375 0.6041666666666666 0.28671875 0.6 0.30078125 0.6069444444444444 0.3046875 0.6263888888888889 0.30390625 0.6402777777777777 0.296875 0.6763888888888889 0.2890625 0.6930555555555555 0.28671875 0.7055555555555556 0.28125 0.7111111111111111 0.28359375 0.7263888888888889 0.2890625 0.7305555555555555 0.30390625 0.7305555555555555 0.309375 0.7222222222222222 0.3171875 0.7180555555555556 0.3359375 0.7180555555555556 0.35546875 0.7333333333333333 0.3953125 0.7291666666666666 0.40390625 0.7305555555555555 0.40703125 0.7388888888888889 0.4171875 0.7388888888888889 0.41953125 0.7194444444444444 0.41796875 0.7055555555555556 0.4046875 0.7013888888888888 0.39609375 0.7055555555555556 0.3859375 0.7041666666666667 0.3796875 0.6847222222222222 0.36953125 0.6777777777777778 0.36328125 0.6597222222222222 0.3421875 0.6652777777777777 0.33671875 0.6555555555555556 0.33125 0.6555555555555556 0.32265625 0.6680555555555555 0.31640625 0.6625 0.3234375 0.6333333333333333 0.33515625 0.6097222222222223 0.340625 0.5888888888888889 0.33125 0.5236111111111111 0.3171875 0.5305555555555556 0.31796875 0.5430555555555555 0.3140625 0.5513888888888889 0.30234375 0.5527777777777778 0.2984375 0.5388888888888889 0.275 0.5291666666666667 0.2640625 0.5097222222222222 0.25 0.5069444444444444 0.23125 0.5166666666666667 0.23046875 0.5055555555555555
0 0.16875 0.44305555555555554 0.16796875 0.4513888888888889 0.17265625 0.4527777777777778 0.1859375 0.44166666666666665 0.18125 0.43333333333333335 0.175 0.43333333333333335
0 0.21953125 0.4263888888888889 0.21875 0.4388888888888889 0.22890625 0.44583333333333336 0.24375 0.4722222222222222 0.24921875 0.46944444444444444 0.2484375 0.44583333333333336 0.24375 0.43333333333333335 0.2265625 0.425
0 0.1921875 0.4263888888888889 0.1921875 0.4388888888888889 0.1984375 0.4444444444444444 0.19453125 0.45694444444444443 0.19921875 0.4652777777777778 0.20546875 0.4652777777777778 0.2125 0.45416666666666666 0.21484375 0.44166666666666665 0.2078125 0.4388888888888889 0.2 0.4222222222222222 0.19453125 0.4222222222222222
0 0.80234375 0.4375 0.80078125 0.4444444444444444 0.803125 0.4486111111111111 0.80859375 0.44305555555555554 0.80703125 0.4375
0 0.48671875 0.45 0.47734375 0.45555555555555555 0.49453125 0.45694444444444443 0.4984375 0.4527777777777778 0.4875 0.45
0 0.711328125 0.3763888888888889 0.6984375 0.3763888888888889 0.69296875 0.38333333333333336 0.72109375 0.38333333333333336 0.715625 0.3763888888888889
0 0.41796875 0.45555555555555555 0.39296875 0.4583333333333333 0.39140625 0.4638888888888889 0.4 0.46805555555555556 0.41875 0.46805555555555556 0.42890625 0.4597222222222222 0.42734375 0.45555555555555555 0.41875 0.45555555555555555
0 0.425 0.3736111111111111 0.4234375 0.3763888888888889 0.42578125 0.3861111111111111 0.43203125 0.3958333333333333 0.47265625 0.40694444444444444 0.48046875 0.4041666666666667 0.4796875 0.4 0.44453125 0.39166666666666666 0.428125 0.3736111111111111
0 0.898046875 0.45416666666666666 0.88984375 0.45555555555555555 0.88828125 0.4666666666666667 0.90390625 0.4736111111111111 0.91015625 0.48055555555555557 0.9671875 0.48055555555555557 0.96875 0.47638888888888886 0.96875 0.46944444444444444 0.96484375 0.4666666666666667 0.95625 0.4666666666666667 0.95234375 0.4722222222222222 0.934375 0.4666666666666667 0.9203125 0.46944444444444444 0.90234375 0.45416666666666666