0 0.359765625 0.7048611111111112 0.00546875 0.001388888888888889
0 0.36875 0.7020833333333333 0.0015625 0.001388888888888889
0 0.362109375 0.6972222222222222 0.00078125 0.002777777777777778
0 0.375 0.69375 0.0015625 0.001388888888888889
0 0.3375 0.6902777777777778 0.33515625 0.6916666666666667 0.3375 0.6944444444444444 0.3359375 0.6972222222222222 0.35390625 0.6972222222222222 0.34921875 0.6958333333333333 0.34921875 0.6902777777777778 0.34609375 0.6958333333333333 0.3453125 0.6902777777777778
0 0.54296875 0.6708333333333333 0.54296875 0.6777777777777778 0.5375 0.6888888888888889 0.5296875 0.7222222222222222 0.51875 0.7319444444444444 0.52109375 0.7541666666666667 0.51953125 0.7805555555555556 0.5328125 0.7916666666666666 0.54921875 0.7944444444444444 0.56171875 0.8027777777777778 0.584375 0.8041666666666667 0.6078125 0.8166666666666667 0.61640625 0.8138888888888889 0.6203125 0.7319444444444444 0.6078125 0.7347222222222223 0.6046875 0.7416666666666667 0.60078125 0.7305555555555555 0.60078125 0.7111111111111111 0.5875 0.7013888888888888 0.55625 0.7055555555555556 0.54921875 0.6930555555555555 0.54921875 0.6708333333333333
0 0.28671875 0.6152777777777778 0.28515625 0.6263888888888889 0.290625 0.6263888888888889 0.2984375 0.6152777777777778 0.2953125 0.6083333333333333
0 0.4 0.5833333333333334 0.39453125 0.5930555555555556 0.390625 0.6152777777777778 0.371875 0.6347222222222222 0.3671875 0.6430555555555556 0.36640625 0.6527777777777778 0.35625 0.6583333333333333 0.35390625 0.6680555555555555 0.34453125 0.675 0.34765625 0.675 0.3515625 0.6847222222222222 0.35703125 0.6888888888888889 0.3734375 0.6902777777777778 0.3765625 0.6847222222222222 0.384375 0.6819444444444445 0.39765625 0.6888888888888889 0.40078125 0.6944444444444444 0.39296875 0.7013888888888888 0.3953125 0.7055555555555556 0.39140625 0.7083333333333334 0.39375 0.7180555555555556 0.38203125 0.7180555555555556 0.40234375 0.7333333333333333 0.40703125 0.7416666666666667 0.4296875 0.7430555555555556 0.43671875 0.75 0.44296875 0.7472222222222222 0.44921875 0.7375 0.44765625 0.7194444444444444 0.45625 0.6986111111111111 0.4734375 0.7055555555555556 0.4703125 0.6819444444444445 0.46171875 0.6763888888888889 0.4625 0.6569444444444444 0.46875 0.6402777777777777 0.46875 0.6208333333333333 0.46015625 0.6097222222222223 0.45546875 0.6138888888888889 0.4484375 0.6125 0.44140625 0.6041666666666666 0.43125 0.5777777777777777 0.425 0.5736111111111111 0.41796875 0.5791666666666667 0.409375 0.5958333333333333 0.40625 0.5944444444444444 0.40625 0.5833333333333334
0 0.2328125 0.37777777777777777 0.23203125 0.38472222222222224 0.234375 0.3861111111111111 0.24375 0.37916666666666665
0 0.31640625 0.3763888888888889 0.3203125 0.3902777777777778 0.3140625 0.425 0.31875 0.44722222222222224 0.309375 0.4625 0.31328125 0.4708333333333333 0.3203125 0.4652777777777778 0.328125 0.46805555555555556 0.33125 0.48333333333333334 0.34765625 0.4888888888888889 0.35078125 0.5 0.359375 0.5 0.36484375 0.49444444444444446 0.36796875 0.5013888888888889 0.36015625 0.5472222222222223 0.35078125 0.5569444444444445 0.3484375 0.5638888888888889 0.34921875 0.5805555555555556 0.34609375 0.6013888888888889 0.3375 0.6055555555555555 0.32265625 0.6263888888888889 0.32421875 0.6416666666666667 0.33125 0.6472222222222223 0.33671875 0.6444444444444445 0.34296875 0.6333333333333333 0.35234375 0.6055555555555555 0.35546875 0.6055555555555555 0.36953125 0.5847222222222223 0.38046875 0.5763888888888888 0.3828125 0.5680555555555555 0.4 0.5430555555555555 0.40390625 0.5277777777777778 0.403125 0.5166666666666667 0.38203125 0.5055555555555555 0.37890625 0.49583333333333335 0.3921875 0.49027777777777776 0.3953125 0.4847222222222222 0.41171875 0.48055555555555557 0.4140625 0.46805555555555556 0.4046875 0.4583333333333333 0.38984375 0.4583333333333333 0.38671875 0.45416666666666666 0.3828125 0.43194444444444446 0.3734375 0.4305555555555556 0.3671875 0.41944444444444445 0.35546875 0.41944444444444445 0.34921875 0.4305555555555556 0.34921875 0.4388888888888889 0.34453125 0.44027777777777777 0.325 0.3958333333333333 0.32578125 0.38472222222222224 0.32265625 0.3736111111111111 0.31796875 0.37222222222222223
0 0.28125 0.35138888888888886 0.278125 0.35694444444444445 0.27890625 0.3611111111111111 0.28671875 0.3625 0.28671875 0.35555555555555557