0 0.109375 0.7351851851851852 0.10833333333333334 0.7379629629629629 0.11197916666666667 0.7407407407407407 0.11979166666666667 0.7407407407407407 0.12604166666666666 0.7351851851851852 0.13489583333333333 0.7342592592592593 0.13697916666666668 0.7314814814814815 0.13697916666666668 0.7231481481481481 0.12291666666666666 0.7231481481481481
0 0.16666666666666666 0.7935185185185185 0.16614583333333333 0.8277777777777777 0.16822916666666668 0.8342592592592593 0.17239583333333333 0.8138888888888889 0.18020833333333333 0.799074074074074 0.18229166666666666 0.787962962962963 0.18125 0.7842592592592592 0.1765625 0.7824074074074074 0.16822916666666668 0.7870370370370371
0 0.5864583333333333 0.8861111111111111 0.5859375 0.9046296296296297 0.5890625 0.9074074074074074 0.6078125 0.8972222222222223 0.60625 0.8916666666666667 0.5994791666666667 0.8861111111111111 0.6020833333333333 0.8833333333333333 0.6026041666666667 0.8759259259259259 0.5994791666666667 0.8787037037037037 0.6015625 0.8824074074074074 0.5994791666666667 0.8842592592592593 0.59375 0.8759259259259259 0.5880208333333333 0.8759259259259259
0 0.03177083333333333 0.7962962962962963 0.030729166666666665 0.8046296296296296 0.0359375 0.8111111111111111 0.043229166666666666 0.8027777777777778 0.046875 0.8046296296296296 0.049479166666666664 0.8009259259259259 0.050520833333333334 0.8037037037037037 0.04895833333333333 0.7888888888888889 0.05416666666666667 0.7694444444444445 0.04583333333333333 0.774074074074074
0 0.7505208333333333 0.8472222222222222 0.7458333333333333 0.8564814814814815 0.7505208333333333 0.8694444444444445 0.7609375 0.8768518518518519 0.7760416666666666 0.8731481481481481 0.7708333333333334 0.8703703703703703 0.771875 0.8657407407407407 0.7651041666666667 0.8601851851851852 0.7619791666666667 0.8481481481481481
0 0.178125 0.7240740740740741 0.1765625 0.7314814814814815 0.171875 0.7361111111111112 0.17395833333333333 0.7444444444444445 0.17291666666666666 0.7481481481481481 0.17552083333333332 0.7509259259259259 0.18333333333333332 0.7453703703703703 0.18541666666666667 0.7296296296296296 0.18854166666666666 0.7222222222222222 0.20260416666666667 0.7148148148148148 0.2109375 0.7083333333333334 0.21197916666666666 0.7046296296296296 0.209375 0.7018518518518518 0.203125 0.7092592592592593 0.19166666666666668 0.7074074074074074
0 0.7703125 0.8787037037037037 0.7697916666666667 0.8861111111111111 0.7755208333333333 0.8972222222222223 0.7802083333333333 0.9 0.7901041666666667 0.9138888888888889 0.7958333333333333 0.9166666666666666 0.8 0.9138888888888889 0.8 0.9083333333333333 0.7921875 0.8916666666666667 0.7895833333333333 0.8731481481481481
0 0.48020833333333335 0.9157407407407407 0.47760416666666666 0.9185185185185185 0.48072916666666665 0.937037037037037 0.4859375 0.9444444444444444 0.4869791666666667 0.9768518518518519 0.4890625 0.9777777777777777 0.4942708333333333 0.9740740740740741 0.49895833333333334 0.9629629629629629 0.5041666666666667 0.9388888888888889 0.5036458333333333 0.9277777777777778 0.4984375 0.9166666666666666 0.4947916666666667 0.9138888888888889 0.4875 0.9203703703703704
0 0.36354166666666665 0.8333333333333334 0.3645833333333333 0.8518518518518519 0.3734375 0.8555555555555555 0.38333333333333336 0.8472222222222222 0.38697916666666665 0.8490740740740741 0.39010416666666664 0.8324074074074074 0.39375 0.8342592592592593 0.3984375 0.8314814814814815 0.4010416666666667 0.8361111111111111 0.40208333333333335 0.8314814814814815 0.40520833333333334 0.8305555555555556 0.4046875 0.8277777777777777 0.40729166666666666 0.8277777777777777 0.403125 0.8231481481481482 0.4010416666666667 0.8101851851851852 0.40260416666666665 0.7583333333333333 0.4046875 0.7546296296296297 0.403125 0.7203703703703703 0.38645833333333335 0.7240740740740741 0.38645833333333335 0.737037037037037 0.3890625 0.7462962962962963 0.3953125 0.7555555555555555 0.39375 0.7601851851851852 0.39479166666666665 0.7648148148148148 0.3854166666666667 0.7722222222222223 0.384375 0.7759259259259259 0.3859375 0.7805555555555556 0.37552083333333336 0.7962962962962963
0 0.4354166666666667 0.825925925925926 0.4348958333333333 0.8416666666666667 0.440625 0.85 0.4484375 0.8444444444444444 0.45625 0.85 0.459375 0.8462962962962963 0.46770833333333334 0.8453703703703703 0.4708333333333333 0.8416666666666667 0.4708333333333333 0.837037037037037 0.4739583333333333 0.8351851851851851 0.484375 0.8351851851851851 0.4875 0.8287037037037037 0.49114583333333334 0.8342592592592593 0.5 0.8287037037037037 0.5026041666666666 0.8342592592592593 0.4973958333333333 0.8416666666666667 0.4942708333333333 0.8518518518518519 0.4947916666666667 0.8583333333333333 0.49166666666666664 0.862037037037037 0.4979166666666667 0.8712962962962963 0.5083333333333333 0.8611111111111112 0.51875 0.8648148148148148 0.5223958333333333 0.862037037037037 0.5328125 0.8685185185185185 0.5364583333333334 0.8518518518518519 0.5354166666666667 0.8416666666666667 0.5369791666666667 0.837037037037037 0.5328125 0.8398148148148148 0.5307291666666667 0.8305555555555556 0.528125 0.8314814814814815 0.5260416666666666 0.8203703703703704 0.5208333333333334 0.8194444444444444 0.5192708333333333 0.812962962962963 0.5151041666666667 0.8166666666666667 0.509375 0.8101851851851852 0.5140625 0.8037037037037037 0.5130208333333334 0.7907407407407407 0.5020833333333333 0.7944444444444444 0.5 0.7925925925925926 0.49895833333333334 0.7796296296296297 0.5005208333333333 0.7712962962962963 0.5052083333333334 0.7657407407407407 0.503125 0.7657407407407407 0.5046875 0.7509259259259259 0.5015625 0.7425925925925926 0.4973958333333333 0.7444444444444445 0.4942708333333333 0.7611111111111111 0.484375 0.7685185185185185 0.47552083333333334 0.7824074074074074 0.4744791666666667 0.7935185185185185 0.46770833333333334 0.8009259259259259 0.46875 0.8064814814814815 0.46458333333333335 0.8148148148148148 0.45729166666666665 0.8203703703703704 0.4421875 0.8185185185185185
0 0.5463541666666667 0.7851851851851852 0.546875 0.8 0.54375 0.8111111111111111 0.5458333333333333 0.8157407407407408 0.5494791666666666 0.8101851851851852 0.553125 0.812962962962963 0.5567708333333333 0.8333333333333334 0.5572916666666666 0.8527777777777777 0.559375 0.8555555555555555 0.5630208333333333 0.8564814814814815 0.5739583333333333 0.85 0.5796875 0.850925925925926 0.5833333333333334 0.8462962962962963 0.5953125 0.8435185185185186 0.6010416666666667 0.8481481481481481 0.6005208333333333 0.8555555555555555 0.6036458333333333 0.8601851851851852 0.609375 0.8629629629629629 0.6130208333333333 0.8583333333333333 0.6166666666666667 0.8453703703703703 0.6166666666666667 0.8296296296296296 0.6140625 0.812962962962963 0.6182291666666667 0.8027777777777778 0.6182291666666667 0.7972222222222223 0.6161458333333333 0.7944444444444444 0.6098958333333333 0.799074074074074 0.6046875 0.7824074074074074 0.6104166666666667 0.7712962962962963 0.6072916666666667 0.7620370370370371 0.609375 0.7231481481481481 0.6057291666666667 0.7222222222222222 0.5994791666666667 0.7268518518518519 0.5927083333333333 0.7425925925925926 0.5916666666666667 0.7583333333333333 0.5890625 0.7648148148148148 0.565625 0.7953703703703704 0.5588541666666667 0.7935185185185185 0.5505208333333333 0.7759259259259259 0.5489583333333333 0.7759259259259259