0 0.01053864168618267 0.7229166666666667 0.00585480093676815 0.7291666666666666 0.00468384074941452 0.74375 0.01053864168618267 0.7541666666666667 0.01756440281030445 0.8125 0.02576112412177986 0.8208333333333333 0.02927400468384075 0.7958333333333333 0.02576112412177986 0.7708333333333334 0.02459016393442623 0.7645833333333333 0.01405152224824356 0.7583333333333333 0.01756440281030445 0.74375 0.0117096018735363 0.7229166666666667
0 0.20491803278688525 0.34791666666666665 0.19789227166276346 0.3541666666666667 0.19789227166276346 0.3625 0.21428571428571427 0.39375 0.21779859484777517 0.44166666666666665 0.2224824355971897 0.44583333333333336 0.2224824355971897 0.46875 0.22716627634660422 0.47291666666666665 0.22950819672131148 0.44166666666666665 0.22482435597189696 0.42083333333333334 0.22131147540983606 0.36666666666666664 0.21662763466042154 0.35208333333333336 0.20725995316159251 0.34791666666666665
0 0.24121779859484777 0.8875 0.23770491803278687 0.8916666666666667 0.23536299765807964 0.9541666666666667 0.2306791569086651 0.9583333333333334 0.2306791569086651 0.96875 0.23653395784543327 0.9979166666666667 0.2540983606557377 0.9979166666666667 0.25526932084309134 0.9666666666666667 0.24824355971896955 0.95 0.24707259953161592 0.9104166666666667 0.2423887587822014 0.9104166666666667 0.24473067915690866 0.89375
0 0.03864168618266979 0.7833333333333333 0.0351288056206089 0.7895833333333333 0.04215456674473068 0.825 0.040983606557377046 0.86875 0.05620608899297424 0.9083333333333333 0.06206088992974239 0.9104166666666667 0.06323185011709602 0.8770833333333333 0.06908665105386416 0.85 0.06440281030444965 0.8083333333333333 0.06674473067915691 0.7916666666666666 0.04449648711943794 0.7916666666666666 0.040983606557377046 0.7833333333333333
0 0.13700234192037472 0.5854166666666667 0.12646370023419204 0.5875 0.1252927400468384 0.6229166666666667 0.13817330210772832 0.6270833333333333 0.13700234192037472 0.6333333333333333 0.14168618266978922 0.6395833333333333 0.13934426229508196 0.6479166666666667 0.14637002341920374 0.6458333333333334 0.15105386416861827 0.6520833333333333 0.14988290398126464 0.66875 0.1451990632318501 0.6770833333333334 0.1522248243559719 0.6833333333333333 0.1557377049180328 0.71875 0.16159250585480095 0.7229166666666667 0.16042154566744732 0.7354166666666667 0.15456674473067916 0.7395833333333334 0.16276346604215455 0.74375 0.15339578454332553 0.7520833333333333 0.14637002341920374 0.7354166666666667 0.13934426229508196 0.7354166666666667 0.1288056206088993 0.75 0.13114754098360656 0.7854166666666667 0.13817330210772832 0.79375 0.13466042154566746 0.80625 0.1358313817330211 0.8270833333333333 0.13934426229508196 0.83125 0.15105386416861827 0.8208333333333333 0.15456674473067916 0.8041666666666667 0.16627634660421545 0.8020833333333334 0.16510538641686182 0.7916666666666666 0.1522248243559719 0.7895833333333333 0.15105386416861827 0.7645833333333333 0.16393442622950818 0.7604166666666666 0.16276346604215455 0.7270833333333333 0.16744730679156908 0.7125 0.16393442622950818 0.6520833333333333 0.1522248243559719 0.6354166666666666 0.15105386416861827 0.5958333333333333 0.14168618266978922 0.5854166666666667
0 0.08430913348946135 0.4354166666666667 0.08430913348946135 0.46875 0.09016393442622951 0.5020833333333333 0.08782201405152225 0.5229166666666667 0.09133489461358314 0.5354166666666667 0.08782201405152225 0.5416666666666666 0.07494145199063232 0.5354166666666667 0.07377049180327869 0.5770833333333333 0.06791569086651054 0.5833333333333334 0.05620608899297424 0.58125 0.04800936768149883 0.59375 0.04800936768149883 0.6208333333333333 0.05503512880562061 0.6291666666666667 0.05269320843091335 0.6333333333333333 0.03864168618266979 0.61875 0.02810304449648712 0.6229166666666667 0.01990632318501171 0.6145833333333334 0.01405152224824356 0.5916666666666667 0.01873536299765808 0.5645833333333333 0.01053864168618267 0.5666666666666667 0.00351288056206089 0.5791666666666667 0 0.5895833333333333 0 0.61875 0.00936768149882904 0.6354166666666666 0.01053864168618267 0.66875 0.02927400468384075 0.71875 0.03278688524590164 0.7166666666666667 0.03161592505854801 0.7104166666666667 0.03981264637002342 0.7104166666666667 0.03981264637002342 0.6979166666666666 0.04449648711943794 0.6916666666666667 0.05035128805620609 0.71875 0.06323185011709602 0.7458333333333333 0.07494145199063232 0.74375 0.08430913348946135 0.7583333333333333 0.08430913348946135 0.825 0.0936768149882904 0.8416666666666667 0.09836065573770492 0.8708333333333333 0.1053864168618267 0.8708333333333333 0.11007025761124122 0.8625 0.10655737704918032 0.80625 0.09601873536299765 0.8020833333333334 0.09133489461358314 0.7458333333333333 0.08430913348946135 0.7270833333333333 0.07259953161592506 0.7270833333333333 0.06791569086651054 0.6979166666666666 0.07259953161592506 0.68125 0.08782201405152225 0.6770833333333334 0.10187353629976581 0.7208333333333333 0.1053864168618267 0.7166666666666667 0.10889929742388758 0.68125 0.10655737704918032 0.65625 0.09836065573770492 0.65 0.09601873536299765 0.6395833333333333 0.10421545667447307 0.6354166666666666 0.1053864168618267 0.6125 0.0936768149882904 0.5875 0.08782201405152225 0.5583333333333333 0.08899297423887588 0.5479166666666667 0.09484777517564402 0.5416666666666666 0.09133489461358314 0.5145833333333333 0.09836065573770492 0.4979166666666667 0.0936768149882904 0.4875 0.08665105386416862 0.4354166666666667
0 0.5152224824355972 0.08125 0.5046838407494145 0.09375 0.5081967213114754 0.10833333333333334 0.5187353629976581 0.10833333333333334 0.5175644028103045 0.08125
0 0.382903981264637 0.28125 0.3770491803278688 0.28541666666666665 0.3770491803278688 0.29375 0.3793911007025761 0.30833333333333335 0.3864168618266979 0.31875 0.38992974238875877 0.3125 0.3864168618266979 0.28125
0 0.5011709601873536 0.4083333333333333 0.5011709601873536 0.42916666666666664 0.5128805620608899 0.4375 0.5175644028103045 0.42916666666666664 0.5175644028103045 0.41875 0.5117096018735363 0.4083333333333333
0 0.6217798594847775 0.425 0.617096018735363 0.42916666666666664 0.617096018735363 0.44166666666666665 0.6217798594847775 0.45416666666666666 0.629976580796253 0.46041666666666664 0.6346604215456675 0.44166666666666665 0.6241217798594848 0.425
0 0.9039812646370023 0.26666666666666666 0.892271662763466 0.2916666666666667 0.8899297423887588 0.3145833333333333 0.8817330210772834 0.3375 0.8852459016393442 0.3458333333333333 0.8969555035128806 0.3416666666666667 0.9016393442622951 0.32916666666666666 0.905152224824356 0.26666666666666666
0 0.7939110070257611 0.36041666666666666 0.7903981264637002 0.3645833333333333 0.7903981264637002 0.41041666666666665 0.7927400468384075 0.44166666666666665 0.7962529274004684 0.44583333333333336 0.8009367681498829 0.43333333333333335 0.8044496487119438 0.38333333333333336 0.797423887587822 0.36041666666666666
0 0.6744730679156908 0.6229166666666667 0.667447306791569 0.6270833333333333 0.6651053864168618 0.6395833333333333 0.6721311475409836 0.675 0.6697892271662763 0.7083333333333334 0.6779859484777517 0.7125 0.680327868852459 0.68125 0.6885245901639344 0.65 0.6814988290398126 0.6291666666666667 0.6756440281030445 0.625
0 0.6721311475409836 0.7208333333333333 0.6557377049180327 0.7291666666666666 0.6604215456674473 0.7645833333333333 0.6697892271662763 0.7729166666666667 0.6908665105386417 0.7520833333333333 0.6768149882903981 0.7208333333333333
0 0.4637002341920375 0.5125 0.45433255269320844 0.5291666666666667 0.45433255269320844 0.5520833333333334 0.46252927400468385 0.6020833333333333 0.46955503512880564 0.6208333333333333 0.477751756440281 0.6208333333333333 0.4812646370023419 0.61875 0.47540983606557374 0.58125 0.477751756440281 0.55625 0.4718969555035129 0.55 0.477751756440281 0.5354166666666667 0.46955503512880564 0.5145833333333333 0.4648711943793911 0.5145833333333333
0 0.6861826697892272 0.45 0.6814988290398126 0.4625 0.6791569086651054 0.4895833333333333 0.667447306791569 0.5083333333333333 0.667447306791569 0.5208333333333334 0.6744730679156908 0.5416666666666666 0.6709601873536299 0.5916666666666667 0.6791569086651054 0.5958333333333333 0.6814988290398126 0.6083333333333333 0.7002341920374707 0.5166666666666667 0.7002341920374707 0.4666666666666667 0.6920374707259953 0.45