0 0.9580078125 0.328125 0.95556640625 0.3307291666666667 0.9580078125 0.34375 0.96240234375 0.3541666666666667 0.9658203125 0.3541666666666667 0.96826171875 0.3489583333333333 0.96875 0.3368055555555556 0.96728515625 0.3324652777777778 0.96142578125 0.328125
0 0.53515625 0.3793402777777778 0.529296875 0.3819444444444444 0.52197265625 0.4019097222222222 0.51123046875 0.40625 0.5078125 0.4140625 0.51171875 0.4149305555555556 0.51513671875 0.4105902777777778 0.5185546875 0.4140625 0.52197265625 0.4131944444444444 0.52783203125 0.4027777777777778 0.53955078125 0.3993055555555556 0.541015625 0.3888888888888889 0.53955078125 0.3828125 0.5361328125 0.3793402777777778
0 0.52587890625 0.14583333333333334 0.52197265625 0.1519097222222222 0.5146484375 0.1527777777777778 0.5048828125 0.15885416666666666 0.49951171875 0.16666666666666666 0.48779296875 0.1701388888888889 0.482421875 0.17881944444444445 0.470703125 0.1909722222222222 0.44873046875 0.1840277777777778 0.42431640625 0.20225694444444445 0.4189453125 0.2230902777777778 0.4189453125 0.24131944444444445 0.416015625 0.2482638888888889 0.4072265625 0.2508680555555556 0.400390625 0.2578125 0.3876953125 0.2638888888888889 0.36669921875 0.2690972222222222 0.337890625 0.2682291666666667 0.3203125 0.2855902777777778 0.30615234375 0.3098958333333333 0.2978515625 0.3307291666666667 0.29443359375 0.3454861111111111 0.29248046875 0.3611111111111111 0.2939453125 0.3758680555555556 0.29052734375 0.3819444444444444 0.291015625 0.3993055555555556 0.28955078125 0.4079861111111111 0.291015625 0.4461805555555556 0.279296875 0.4600694444444444 0.255859375 0.4678819444444444 0.25 0.4722222222222222 0.2412109375 0.4887152777777778 0.23486328125 0.5112847222222222 0.22607421875 0.5243055555555556 0.2236328125 0.5355902777777778 0.22412109375 0.5434027777777778 0.2314453125 0.5564236111111112 0.23681640625 0.5737847222222222 0.236328125 0.5807291666666666 0.2294921875 0.5850694444444444 0.2294921875 0.5902777777777778 0.234375 0.5920138888888888 0.240234375 0.5833333333333334 0.2646484375 0.5694444444444444 0.27197265625 0.5607638888888888 0.27587890625 0.5598958333333334 0.28125 0.5720486111111112 0.28466796875 0.5980902777777778 0.296875 0.6076388888888888 0.29931640625 0.6059027777777778 0.2998046875 0.6015625 0.29833984375 0.5989583333333334 0.287109375 0.5902777777777778 0.28759765625 0.5668402777777778 0.29931640625 0.5616319444444444 0.31494140625 0.5590277777777778 0.31689453125 0.5538194444444444 0.314453125 0.5460069444444444 0.3056640625 0.5373263888888888 0.29248046875 0.5329861111111112 0.28564453125 0.5251736111111112 0.29345703125 0.5060763888888888 0.30126953125 0.5 0.30322265625 0.4947916666666667 0.29296875 0.4939236111111111 0.29150390625 0.4869791666666667 0.29345703125 0.4800347222222222 0.3037109375 0.4678819444444444 0.30712890625 0.4583333333333333 0.3125 0.4592013888888889 0.31982421875 0.4661458333333333 0.33203125 0.4652777777777778 0.3359375 0.4600694444444444 0.3291015625 0.4557291666666667 0.3291015625 0.4522569444444444 0.3330078125 0.4444444444444444 0.3388671875 0.4427083333333333 0.34423828125 0.4314236111111111 0.35498046875 0.4236111111111111 0.37158203125 0.3958333333333333 0.384765625 0.3810763888888889 0.3916015625 0.3654513888888889 0.39794921875 0.3559027777777778 0.39794921875 0.3342013888888889 0.40283203125 0.3203125 0.4111328125 0.3107638888888889 0.41943359375 0.2855902777777778 0.42138671875 0.2717013888888889 0.4287109375 0.2621527777777778 0.43798828125 0.2621527777777778 0.4462890625 0.2586805555555556 0.44873046875 0.2552083333333333 0.4501953125 0.2508680555555556 0.44873046875 0.24131944444444445 0.45458984375 0.23350694444444445 0.45458984375 0.22569444444444445 0.451171875 0.2170138888888889 0.451171875 0.2126736111111111 0.45751953125 0.1987847222222222 0.4599609375 0.1953125 0.466796875 0.19270833333333334 0.48388671875 0.1935763888888889 0.48974609375 0.18229166666666666 0.49365234375 0.1796875 0.498046875 0.1831597222222222 0.50830078125 0.18489583333333334 0.51171875 0.17100694444444445 0.51513671875 0.171875 0.515625 0.16666666666666666 0.51904296875 0.1675347222222222 0.51806640625 0.1640625 0.52587890625 0.16145833333333334 0.52734375 0.1501736111111111 0.52587890625 0.1467013888888889
0 0.3896484375 0.4895833333333333 0.376953125 0.4921875 0.375 0.5 0.3759765625 0.5086805555555556 0.3798828125 0.5086805555555556 0.39111328125 0.5 0.3955078125 0.5078125 0.4013671875 0.5104166666666666 0.40771484375 0.5173611111111112 0.41552734375 0.515625 0.41455078125 0.5104166666666666 0.3955078125 0.4973958333333333 0.39013671875 0.4895833333333333
0 0.5869140625 0.3463541666666667 0.580078125 0.3524305555555556 0.578125 0.3576388888888889 0.5703125 0.3585069444444444 0.560546875 0.3758680555555556 0.56103515625 0.3793402777777778 0.57080078125 0.3810763888888889 0.576171875 0.3776041666666667 0.58251953125 0.3654513888888889 0.59130859375 0.359375 0.5927734375 0.3489583333333333 0.59130859375 0.3463541666666667
0 0.949951171875 0.2638888888888889 0.9462890625 0.2647569444444444 0.943359375 0.2760416666666667 0.93994140625 0.28125 0.93994140625 0.2942708333333333 0.94140625 0.3003472222222222 0.94921875 0.3107638888888889 0.95263671875 0.3064236111111111 0.9521484375 0.2925347222222222 0.95703125 0.2751736111111111 0.95556640625 0.2682291666666667 0.95263671875 0.2638888888888889
0 0.7099609375 0.08072916666666667 0.70556640625 0.0842013888888889 0.7060546875 0.08854166666666667 0.7099609375 0.09461805555555555 0.71337890625 0.09375 0.72412109375 0.10243055555555555 0.72998046875 0.1189236111111111 0.73681640625 0.1111111111111111 0.74072265625 0.09895833333333333 0.740234375 0.0920138888888889 0.734375 0.0842013888888889 0.720703125 0.08940972222222222 0.71533203125 0.0859375 0.71728515625 0.08159722222222222 0.71044921875 0.08159722222222222
0 0.58447265625 0.2760416666666667 0.57666015625 0.2829861111111111 0.572265625 0.2907986111111111 0.57177734375 0.3038194444444444 0.5693359375 0.3133680555555556 0.56982421875 0.3289930555555556 0.572265625 0.3350694444444444 0.58056640625 0.3342013888888889 0.5810546875 0.3307291666666667 0.5849609375 0.3315972222222222 0.58837890625 0.3211805555555556 0.58984375 0.3046875 0.58642578125 0.296875 0.58740234375 0.2795138888888889 0.5849609375 0.2760416666666667
0 0.955078125 0.5972222222222222 0.94970703125 0.6024305555555556 0.935546875 0.6032986111111112 0.92919921875 0.6119791666666666 0.927734375 0.6258680555555556 0.9345703125 0.6432291666666666 0.93212890625 0.6588541666666666 0.939453125 0.65625 0.94140625 0.6519097222222222 0.94189453125 0.6362847222222222 0.955078125 0.6145833333333334 0.9609375 0.609375 0.9599609375 0.6015625 0.95703125 0.5972222222222222
0 0.54638671875 0.0685763888888889 0.5419921875 0.07291666666666667 0.53759765625 0.08246527777777778 0.53759765625 0.09895833333333333 0.53564453125 0.10243055555555555 0.53759765625 0.10590277777777778 0.5361328125 0.10850694444444445 0.533203125 0.10590277777777778 0.529296875 0.10850694444444445 0.5439453125 0.11197916666666667 0.5419921875 0.1154513888888889 0.54296875 0.1189236111111111 0.54052734375 0.12413194444444445 0.53369140625 0.1267361111111111 0.53466796875 0.13020833333333334 0.529296875 0.1362847222222222 0.53857421875 0.1388888888888889 0.54736328125 0.1362847222222222 0.5478515625 0.13194444444444445 0.54638671875 0.1284722222222222 0.5498046875 0.1310763888888889 0.55322265625 0.1267361111111111 0.5458984375 0.12413194444444445 0.544921875 0.12239583333333333 0.5478515625 0.1189236111111111 0.544921875 0.11458333333333333 0.548828125 0.1111111111111111 0.55419921875 0.11284722222222222 0.55615234375 0.11024305555555555 0.560546875 0.11024305555555555 0.56298828125 0.10416666666666667 0.56396484375 0.08159722222222222 0.5625 0.07552083333333333 0.5595703125 0.07118055555555555 0.55078125 0.07118055555555555 0.54736328125 0.0685763888888889
0 0.75390625 0.1267361111111111 0.74755859375 0.13975694444444445 0.7470703125 0.1467013888888889 0.7568359375 0.14930555555555555 0.7724609375 0.171875 0.77685546875 0.1736111111111111 0.78076171875 0.16319444444444445 0.7861328125 0.1623263888888889 0.79248046875 0.1753472222222222 0.8056640625 0.18055555555555555 0.810546875 0.19270833333333334 0.81591796875 0.1935763888888889 0.82080078125 0.1892361111111111 0.82373046875 0.17100694444444445 0.82275390625 0.14583333333333334 0.79345703125 0.1388888888888889 0.78271484375 0.1293402777777778 0.77197265625 0.1362847222222222 0.7666015625 0.1293402777777778 0.7568359375 0.1267361111111111
0 0.12939453125 0.6814236111111112 0.11962890625 0.6840277777777778 0.10498046875 0.6979166666666666 0.10205078125 0.7065972222222222 0.10009765625 0.7204861111111112 0.095703125 0.7291666666666666 0.095703125 0.7378472222222222 0.09912109375 0.7447916666666666 0.099609375 0.765625 0.09619140625 0.7795138888888888 0.09716796875 0.7942708333333334 0.0947265625 0.8003472222222222 0.09521484375 0.8055555555555556 0.10009765625 0.8151041666666666 0.10302734375 0.8159722222222222 0.1064453125 0.8125 0.10595703125 0.8168402777777778 0.10888671875 0.8211805555555556 0.11962890625 0.8237847222222222 0.1259765625 0.8151041666666666 0.12548828125 0.8072916666666666 0.1220703125 0.796875 0.12353515625 0.7934027777777778 0.12158203125 0.7829861111111112 0.1220703125 0.7708333333333334 0.115234375 0.7552083333333334 0.11767578125 0.7508680555555556 0.119140625 0.7413194444444444 0.11669921875 0.7369791666666666 0.10791015625 0.734375 0.11279296875 0.7213541666666666 0.12255859375 0.7109375 0.1240234375 0.7135416666666666 0.1220703125 0.7178819444444444 0.126953125 0.7196180555555556 0.1279296875 0.7126736111111112 0.13134765625 0.7092013888888888 0.13134765625 0.7013888888888888 0.125 0.6918402777777778 0.1337890625 0.6848958333333334 0.13134765625 0.6814236111111112