0 0.7078125 0.9638888888888889 0.70625 0.9652777777777778 0.7234375 0.9708333333333333
0 0.17421875 0.6958333333333333 0.17578125 0.7263888888888889 0.17265625 0.7347222222222223 0.17265625 0.7555555555555555 0.17421875 0.7722222222222223 0.178125 0.7763888888888889 0.1890625 0.7680555555555556 0.20703125 0.7680555555555556 0.2234375 0.7722222222222223 0.22578125 0.7777777777777778 0.23125 0.7777777777777778 0.2421875 0.7875 0.25 0.7875 0.296875 0.7805555555555556 0.30703125 0.7736111111111111 0.34921875 0.7722222222222223 0.36015625 0.7666666666666667 0.3703125 0.7777777777777778 0.4046875 0.8 0.4234375 0.8055555555555556 0.43828125 0.8166666666666667 0.45625 0.8180555555555555 0.4796875 0.8319444444444445 0.5015625 0.8625 0.51796875 0.8680555555555556 0.5390625 0.8888888888888888 0.56015625 0.8944444444444445 0.575 0.9125 0.5859375 0.9180555555555555 0.5953125 0.9291666666666667 0.6203125 0.9333333333333333 0.64921875 0.9527777777777777 0.6671875 0.9555555555555556 0.68125 0.9666666666666667 0.6875 0.9680555555555556 0.68828125 0.9555555555555556 0.6984375 0.9597222222222223 0.69453125 0.9680555555555556 0.70390625 0.9652777777777778 0.66484375 0.9305555555555556 0.64453125 0.9263888888888889 0.64140625 0.9194444444444444 0.6296875 0.9138888888888889 0.62265625 0.8986111111111111 0.609375 0.8986111111111111 0.5890625 0.8847222222222222 0.571875 0.8597222222222223 0.55859375 0.8583333333333333 0.5453125 0.85 0.53203125 0.8291666666666667 0.52578125 0.8097222222222222 0.5109375 0.8041666666666667 0.5046875 0.7902777777777777 0.4953125 0.7833333333333333 0.49140625 0.7736111111111111 0.484375 0.7680555555555556 0.45078125 0.7583333333333333 0.44296875 0.7513888888888889 0.42734375 0.7527777777777778 0.4234375 0.7444444444444445 0.39765625 0.7305555555555555 0.35546875 0.7402777777777778 0.34375 0.7305555555555555 0.3203125 0.7319444444444444 0.3 0.7277777777777777 0.26171875 0.7319444444444444 0.24453125 0.7222222222222222 0.2234375 0.7291666666666666 0.21640625 0.7194444444444444 0.209375 0.7347222222222223 0.2046875 0.7375 0.196875 0.7319444444444444 0.18203125 0.7333333333333333 0.17890625 0.7305555555555555
0 0.17421875 0.65 0.17421875 0.6833333333333333 0.1765625 0.6680555555555555 0.19609375 0.6416666666666667 0.2109375 0.5708333333333333 0.21875 0.5472222222222223 0.24375 0.5166666666666667 0.25078125 0.4875 0.24765625 0.48055555555555557 0.25078125 0.46944444444444444 0.25390625 0.4777777777777778 0.25390625 0.4652777777777778 0.25703125 0.4638888888888889 0.25625 0.45555555555555555 0.259375 0.45694444444444443 0.26015625 0.4527777777777778 0.25625 0.4444444444444444 0.240625 0.5083333333333333 0.22734375 0.5347222222222222 0.22578125 0.5305555555555556 0.2203125 0.5347222222222222 0.22265625 0.5416666666666666 0.215625 0.5416666666666666 0.2 0.5805555555555556 0.2 0.5902777777777778 0.20546875 0.5888888888888889 0.2046875 0.5958333333333333 0.19921875 0.6013888888888889 0.20390625 0.6055555555555555 0.20234375 0.6138888888888889 0.1984375 0.6111111111111112 0.1890625 0.6416666666666667
0 0.2515625 0.33055555555555555 0.25078125 0.3333333333333333 0.2609375 0.34444444444444444 0.26171875 0.3819444444444444 0.259375 0.39444444444444443 0.2640625 0.39861111111111114 0.26875 0.41388888888888886 0.26875 0.40694444444444444 0.26484375 0.4013888888888889 0.26875 0.4 0.2640625 0.3902777777777778 0.2640625 0.3819444444444444 0.26484375 0.375 0.27265625 0.3680555555555556 0.26875 0.3541666666666667 0.2671875 0.35694444444444445 0.26640625 0.35138888888888886 0.2640625 0.3527777777777778 0.26171875 0.3472222222222222 0.26640625 0.34305555555555556 0.26171875 0.3375 0.26171875 0.3277777777777778
0 0.312109375 0.28402777777777777 0.00234375 0.001388888888888889
0 0.35078125 0.26944444444444443 0.3375 0.28194444444444444 0.34375 0.28055555555555556 0.346875 0.275 0.3484375 0.2791666666666667 0.36015625 0.26805555555555555
0 0.36796875 0.25972222222222224 0.3609375 0.2652777777777778 0.3671875 0.2611111111111111 0.36875 0.2638888888888889 0.38046875 0.25416666666666665
0 0.39375 0.24305555555555555 0.39296875 0.25 0.39765625 0.24305555555555555
0 0.42890625 0.22083333333333333 0.421875 0.23055555555555557 0.43125 0.23055555555555557 0.44921875 0.25833333333333336 0.4625 0.2652777777777778 0.45234375 0.25277777777777777 0.4421875 0.21805555555555556 0.4328125 0.21666666666666667
0 0.77578125 0.5041666666666667 0.7640625 0.5111111111111111 0.72265625 0.5125 0.7171875 0.5194444444444445 0.70234375 0.5152777777777777 0.6828125 0.5388888888888889 0.66484375 0.5347222222222222 0.65546875 0.5375 0.65078125 0.5180555555555556 0.64921875 0.5305555555555556 0.64453125 0.5375 0.63671875 0.5333333333333333 0.62890625 0.5458333333333333 0.6125 0.55 0.6 0.5652777777777778 0.59140625 0.5625 0.5875 0.575 0.5765625 0.5861111111111111 0.5671875 0.5833333333333334 0.53671875 0.6666666666666666 0.53828125 0.6902777777777778 0.5359375 0.7083333333333334 0.54375 0.7416666666666667 0.5671875 0.7819444444444444 0.58359375 0.7986111111111112 0.60859375 0.8125 0.61875 0.8138888888888889 0.6546875 0.8416666666666667 0.68125 0.8416666666666667 0.678125 0.8347222222222223 0.65390625 0.8319444444444445 0.65078125 0.8166666666666667 0.64375 0.8083333333333333 0.61171875 0.8055555555555556 0.60703125 0.7875 0.5921875 0.7736111111111111 0.5890625 0.7625 0.58984375 0.7416666666666667 0.5734375 0.7291666666666666 0.5703125 0.7222222222222222 0.56953125 0.7166666666666667 0.57421875 0.7055555555555556 0.57265625 0.7027777777777777 0.57578125 0.6916666666666667 0.56953125 0.6611111111111111 0.57421875 0.6527777777777778 0.58125 0.6513888888888889 0.58203125 0.6402777777777777 0.5953125 0.6263888888888889 0.59375 0.6041666666666666 0.59921875 0.6013888888888889 0.60859375 0.6055555555555555 0.6125 0.5916666666666667 0.61796875 0.5833333333333334 0.634375 0.5805555555555556 0.64609375 0.5680555555555555 0.68515625 0.5611111111111111 0.6921875 0.5611111111111111 0.69453125 0.5666666666666667 0.72109375 0.5680555555555555 0.7234375 0.5805555555555556 0.7296875 0.5736111111111111 0.73515625 0.5805555555555556 0.7359375 0.5569444444444445 0.75078125 0.5416666666666666 0.7609375 0.5375 0.77578125 0.5402777777777777 0.78515625 0.5347222222222222 0.79296875 0.5361111111111111 0.78828125 0.5166666666666667 0.7796875 0.5125 0.77578125 0.5055555555555555
0 0.30729140625 0.2791666666666667 0.29765625 0.28055555555555556 0.3 0.2986111111111111 0.31796875 0.29583333333333334 0.31875 0.2916666666666667 0.31171875 0.2791666666666667