0 0.9344262295081968 0.775 0.9355971896955504 0.7875 0.9426229508196722 0.7916666666666666
0 0.6088992974238876 0.7416666666666667 0.5995316159250585 0.75 0.6112412177985949 0.75
0 0.6094847775175644 0.7364583333333333 0.00117096018735363 0.0020833333333333333
0 0.607728337236534 0.7166666666666667 0.6053864168618267 0.7208333333333333 0.6088992974238876 0.7291666666666666
0 0.9437939110070258 0.7229166666666667 0.9437939110070258 0.7416666666666667 0.9578454332552693 0.75 0.9765807962529274 0.775 0.9707259953161592 0.8041666666666667 0.9754098360655737 0.8166666666666667 0.9988290398126464 0.8354166666666667 0.9988290398126464 0.76875 0.9953161592505855 0.7604166666666666 0.9988290398126464 0.75625 0.9988290398126464 0.725 0.9941451990632318 0.71875 0.9882903981264637 0.7229166666666667 0.9578454332552693 0.7125
0 0.6042154566744731 0.7041666666666667 0.5995316159250585 0.70625 0.6053864168618267 0.7104166666666667 0.607728337236534 0.7041666666666667
0 0.45433255269320844 0.7083333333333334 0.4496487119437939 0.71875 0.4519906323185012 0.73125 0.47306791569086654 0.73125 0.46604215456674475 0.70625 0.45901639344262296 0.7
0 0.7833723653395784 0.6979166666666666 0.788056206088993 0.71875 0.7704918032786885 0.7375 0.7681498829039812 0.7541666666666667 0.747072599531616 0.7791666666666667 0.747072599531616 0.7854166666666667 0.7646370023419203 0.8104166666666667 0.8278688524590164 0.81875 0.8407494145199064 0.83125 0.882903981264637 0.8375 0.9262295081967213 0.8354166666666667 0.936768149882904 0.825 0.9215456674473068 0.8229166666666666 0.9086651053864169 0.8041666666666667 0.8911007025761124 0.7979166666666667 0.8793911007025761 0.7854166666666667 0.882903981264637 0.7729166666666667 0.8793911007025761 0.7791666666666667 0.8770491803278688 0.7729166666666667 0.8653395784543325 0.7729166666666667 0.8629976580796253 0.7604166666666666 0.8571428571428571 0.7604166666666666 0.8536299765807962 0.7541666666666667 0.8559718969555035 0.7479166666666667 0.8477751756440282 0.7375 0.8185011709601874 0.725 0.8056206088992974 0.7104166666666667 0.7939110070257611 0.7125 0.7903981264637002 0.6979166666666666 0.7868852459016393 0.7041666666666667
0 0.7716627634660421 0.6895833333333333 0.7798594847775175 0.6979166666666666 0.7786885245901639 0.6875
0 0.5117096018735363 0.6979166666666666 0.5070257611241218 0.71875 0.5105386416861827 0.7375 0.5292740046838408 0.7479166666666667 0.5491803278688525 0.7479166666666667 0.5480093676814989 0.7291666666666666 0.5585480093676815 0.7125 0.5491803278688525 0.68125 0.5257611241217799 0.68125 0.5152224824355972 0.6875
0 0.35362997658079626 0.6479166666666667 0.3524590163934426 0.6666666666666666 0.3583138173302108 0.6854166666666667 0.3583138173302108 0.6541666666666667
0 0.35714285714285715 0.625 0.34894613583138173 0.625 0.35011709601873536 0.6354166666666666 0.3559718969555035 0.6291666666666667 0.3594847775175644 0.6375
0 0.01405152224824356 0.525 0.00351288056206089 0.5416666666666666 0.00936768149882904 0.5416666666666666 0.01053864168618267 0.5354166666666667 0.01522248243559719 0.5416666666666666 0.03786065573770492 0.5416666666666666 0.038056206088992975 0.53125 0.04449648711943794 0.5333333333333333 0.04410655737704918 0.5416666666666666 0.04800936768149883 0.5354166666666667 0.05035128805620609 0.5416666666666666 0.09484777517564402 0.55 0.09718969555035128 0.5416666666666666 0.10114168618266979 0.55 0.1053864168618267 0.5416666666666666 0.10743559718969554 0.55 0.1451990632318501 0.55 0.1451990632318501 0.54375 0.13114754098360656 0.5354166666666667 0.09016393442622951 0.54375 0.08782201405152225 0.5375 0.08548009367681499 0.54375 0.07611241217798595 0.53125 0.06967213114754098 0.53125 0.06908665105386416 0.5416666666666666 0.06284192037470726 0.5416666666666666 0.06323185011709602 0.53125 0.056791569086651054 0.53125 0.056596018735363 0.5416666666666666 0.05035128805620609 0.53125 0.04566744730679157 0.5354166666666667
0 0.10889929742388758 0.3645833333333333 0.1053864168618267 0.3729166666666667 0.10889929742388758 0.4 0.13466042154566746 0.40625 0.148711943793911 0.4666666666666667 0.1686182669789227 0.4625 0.16744730679156908 0.4666666666666667 0.1791569086651054 0.46041666666666664 0.18149882903981265 0.45 0.19086651053864168 0.45 0.19437939110070257 0.45625 0.1990632318501171 0.46875 0.19672131147540983 0.5 0.17798594847775176 0.50625 0.17096018735362997 0.51875 0.17096018735362997 0.5395833333333333 0.18149882903981265 0.5541666666666667 0.2259953161592506 0.56875 0.23653395784543327 0.58125 0.24355971896955503 0.6041666666666666 0.25878220140515223 0.6041666666666666 0.265807962529274 0.6125 0.27634660421545665 0.6125 0.2810304449648712 0.6041666666666666 0.29508196721311475 0.6041666666666666 0.2962529274004684 0.6104166666666667 0.30327868852459017 0.6125 0.3629976580796253 0.6041666666666666 0.3629976580796253 0.6354166666666666 0.3700234192037471 0.6729166666666667 0.36416861826697894 0.6854166666666667 0.3793911007025761 0.70625 0.38875878220140514 0.70625 0.4016393442622951 0.7166666666666667 0.41451990632318503 0.7104166666666667 0.41100702576112413 0.6895833333333333 0.405152224824356 0.6854166666666667 0.405152224824356 0.6666666666666666 0.42271662763466045 0.6604166666666667 0.4414519906323185 0.6729166666666667 0.44379391100702575 0.65625 0.45081967213114754 0.6541666666666667 0.45433255269320844 0.64375 0.4601873536299766 0.64375 0.47423887587822017 0.625 0.4765807962529274 0.63125 0.4859484777517564 0.63125 0.4894613583138173 0.6416666666666667 0.5187353629976581 0.65625 0.5245901639344263 0.6666666666666666 0.5433255269320844 0.6604166666666667 0.5409836065573771 0.66875 0.5480093676814989 0.6791666666666667 0.5526932084309133 0.6666666666666666 0.5562060889929742 0.66875 0.5550351288056206 0.675 0.5597189695550351 0.6625 0.5679156908665105 0.6604166666666667 0.5772833723653396 0.675 0.5784543325526932 0.6666666666666666 0.5831381733021077 0.675 0.6159250585480094 0.6666666666666666 0.6217798594847775 0.675 0.6112412177985949 0.6979166666666666 0.6124121779859485 0.70625 0.6194379391100703 0.7104166666666667 0.6252927400468384 0.725 0.6334894613583139 0.7729166666666667 0.6651053864168618 0.7875 0.6932084309133489 0.7875 0.6978922716627635 0.775 0.6978922716627635 0.7520833333333333 0.7049180327868853 0.73125 0.7072599531615925 0.7 0.711943793911007 0.69375 0.7096018735362998 0.6875 0.7330210772833724 0.6875 0.7388758782201406 0.69375 0.7435597189695551 0.6854166666666667 0.7681498829039812 0.6854166666666667 0.765807962529274 0.66875 0.7576112412177985 0.6625 0.7505854800936768 0.675 0.7365339578454333 0.6791666666666667 0.7306791569086651 0.6708333333333333 0.7306791569086651 0.6625 0.7236533957845434 0.65625 0.7224824355971897 0.6458333333333334 0.7107728337236534 0.6354166666666666 0.7084309133489461 0.6125 0.6651053864168618 0.6125 0.6545667447306791 0.6041666666666666 0.6323185011709602 0.5625 0.6088992974238876 0.5666666666666667 0.5960187353629977 0.5541666666666667 0.550351288056206 0.54375 0.5433255269320844 0.5229166666666667 0.5292740046838408 0.5041666666666667 0.522248243559719 0.4791666666666667 0.5035128805620609 0.47291666666666665 0.4882903981264637 0.4479166666666667 0.48711943793911006 0.42291666666666666 0.48360655737704916 0.4166666666666667 0.4718969555035129 0.42083333333333334 0.4718969555035129 0.45416666666666666 0.468384074941452 0.46458333333333335 0.4496487119437939 0.47291666666666665 0.4414519906323185 0.4875 0.4379391100702576 0.5229166666666667 0.44028103044496486 0.5416666666666666 0.4332552693208431 0.5541666666666667 0.4238875878220141 0.5583333333333333 0.43911007025761123 0.5604166666666667 0.4309133489461358 0.5791666666666667 0.41451990632318503 0.58125 0.4063231850117096 0.5979166666666667 0.4028103044496487 0.5854166666666667 0.37822014051522246 0.5791666666666667 0.3618266978922717 0.5541666666666667 0.30327868852459017 0.5041666666666667 0.2997658079625293 0.4979166666666667 0.30210772833723654 0.47291666666666665 0.29156908665105385 0.44583333333333336 0.2892271662763466 0.41875 0.27049180327868855 0.38125 0.25995316159250587 0.37916666666666665 0.24473067915690866 0.35833333333333334 0.24473067915690866 0.34375 0.25526932084309134 0.33541666666666664 0.25995316159250587 0.3229166666666667 0.24355971896955503 0.26458333333333334 0.24355971896955503 0.23541666666666666 0.2388758782201405 0.22291666666666668 0.22716627634660422 0.225 0.20725995316159251 0.25625 0.19086651053864168 0.3125 0.19320843091334894 0.34375 0.1791569086651054 0.375 0.16978922716627634 0.375 0.16510538641686182 0.35625 0.15456674473067916 0.3375 0.1288056206088993 0.3625