0 0.3625 0.8824074074074074 0.3625 0.8870370370370371 0.3733333333333333 0.8870370370370371 0.3723958333333333 0.8824074074074074 0.37604166666666666 0.8870370370370371 0.3828125 0.8824074074074074 0.3625 0.8824074074074074
0 0.0020833333333333333 0.8592592592592593 0.004166666666666667 0.8648148148148148 0 0.8712962962962963 0 0.9046296296296297 0.0026041666666666665 0.9055555555555556 0.004166666666666667 0.9120370370370371 0.003125 0.9166666666666666 0 0.9185185185185185 0 0.950925925925926 0.0020833333333333333 0.9527777777777777 0.011979166666666667 0.9555555555555556 0.0515625 0.9398148148148148 0.0828125 0.9416666666666667 0.11197916666666667 0.937037037037037 0.1171875 0.9324074074074075 0.10677083333333333 0.9111111111111111 0.109375 0.8962962962962963 0.10729166666666666 0.887962962962963 0.10989583333333333 0.8796296296296297 0.10833333333333334 0.8666666666666667 0.109375 0.862037037037037 0.10416666666666667 0.8574074074074074 0.09479166666666666 0.8574074074074074 0.09322916666666667 0.8629629629629629 0.09114583333333333 0.8611111111111112 0.09166666666666666 0.8574074074074074 0.09010416666666667 0.8592592592592593 0.09114583333333333 0.8666666666666667 0.09375 0.8666666666666667 0.0953125 0.862037037037037 0.09583333333333334 0.8685185185185185 0.09427083333333333 0.8712962962962963 0.08489583333333334 0.8796296296296297 0.07864583333333333 0.8777777777777778 0.07552083333333333 0.8805555555555555 0.07447916666666667 0.8851851851851852 0.0703125 0.8870370370370371 0.06041666666666667 0.8805555555555555 0.044270833333333336 0.8759259259259259 0.036458333333333336 0.8694444444444445 0.020833333333333332 0.8712962962962963 0.015104166666666667 0.8648148148148148 0.013541666666666667 0.8574074074074074 0.0020833333333333333 0.8592592592592593
0 0.18020833333333333 0.850925925925926 0.17708333333333334 0.8527777777777777 0.17708333333333334 0.8555555555555555 0.17916666666666667 0.8527777777777777 0.18020833333333333 0.8555555555555555 0.18177083333333333 0.8527777777777777 0.18020833333333333 0.850925925925926
0 0.09427083333333333 0.8138888888888889 0.09479166666666666 0.8231481481481482 0.10416666666666667 0.8212962962962963 0.10572916666666667 0.8185185185185185 0.10520833333333333 0.8148148148148148 0.09427083333333333 0.8138888888888889
0 0.024479166666666666 0.812962962962963 0.0020833333333333333 0.001851851851851852
0 0.0984375 0.8097222222222222 0.0010416666666666667 0.000925925925925926
0 0.18567708333333333 0.8064814814814815 0.0005208333333333333 0.001851851851851852
0 0.26458333333333334 0.8046296296296296 0.26197916666666665 0.8074074074074075 0.26510416666666664 0.8074074074074075 0.26458333333333334 0.8046296296296296
0 0.1875 0.7981481481481482 0.184375 0.8 0.18697916666666667 0.8009259259259259 0.1875 0.7981481481481482
0 0.26145833333333335 0.7962962962962963 0.2604166666666667 0.8 0.26145833333333335 0.8009259259259259 0.2625 0.7972222222222223 0.26458333333333334 0.8009259259259259 0.26458333333333334 0.7981481481481482 0.26145833333333335 0.7962962962962963
0 0.084375 0.7916666666666666 0.084375 0.7962962962962963 0.08854166666666667 0.7916666666666666 0.084375 0.7916666666666666
0 0.1375 0.7777777777777778 0.1359375 0.7777777777777778 0.13697916666666668 0.7805555555555556 0.1375 0.7777777777777778
0 0.07057291666666667 0.7527777777777778 0.0005208333333333333 0.003703703703703704
0 0.041666666666666664 0.7527777777777778 0.04375 0.7592592592592593 0.041666666666666664 0.7685185185185185 0.0390625 0.7712962962962963 0.04739583333333333 0.7731481481481481 0.05260416666666667 0.7777777777777778 0.058854166666666666 0.7731481481481481 0.059895833333333336 0.7777777777777778 0.0625 0.7759259259259259 0.06770833333333333 0.7796296296296297 0.06614583333333333 0.7712962962962963 0.06354166666666666 0.7759259259259259 0.06302083333333333 0.7712962962962963 0.058333333333333334 0.7731481481481481 0.0546875 0.7638888888888888 0.05416666666666667 0.7675925925925926 0.051041666666666666 0.7620370370370371 0.05416666666666667 0.7574074074074074 0.05 0.7481481481481481 0.041666666666666664 0.7527777777777778
0 0.07135416666666666 0.737037037037037 0.071875 0.7435185185185185 0.08229166666666667 0.7546296296296297 0.0828125 0.7601851851851852 0.08020833333333334 0.7638888888888888 0.08072916666666667 0.7685185185185185 0.07864583333333333 0.7722222222222223 0.07916666666666666 0.7796296296296297 0.08229166666666667 0.7805555555555556 0.08385416666666666 0.7842592592592592 0.08072916666666667 0.7851851851851852 0.08489583333333334 0.7842592592592592 0.0921875 0.7888888888888889 0.09791666666666667 0.7870370370370371 0.1 0.7833333333333333 0.10052083333333334 0.7870370370370371 0.10572916666666667 0.7870370370370371 0.1046875 0.7777777777777778 0.1015625 0.7796296296296297 0.09895833333333333 0.7731481481481481 0.08854166666666667 0.7712962962962963 0.08697916666666666 0.7675925925925926 0.0890625 0.7638888888888888 0.08645833333333333 0.7601851851851852 0.09114583333333333 0.7555555555555555 0.1 0.7555555555555555 0.10572916666666667 0.7462962962962963 0.10729166666666666 0.737037037037037 0.10677083333333333 0.7157407407407408 0.10833333333333334 0.6962962962962963 0.10625 0.6685185185185185 0.10104166666666667 0.6666666666666666 0.09427083333333333 0.675 0.09166666666666666 0.7046296296296296 0.08489583333333334 0.7185185185185186 0.075 0.7277777777777777 0.07135416666666666 0.737037037037037
0 0.53125 0.48518518518518516 0.53125 0.5037037037037037 0.5364583333333334 0.5166666666666667 0.55 0.5009259259259259 0.5557291666666667 0.48703703703703705 0.5609375 0.4824074074074074 0.571875 0.48055555555555557 0.5848958333333333 0.47129629629629627 0.59375 0.44814814814814813 0.59375 0.4398148148148148 0.5895833333333333 0.4351851851851852 0.5838541666666667 0.4212962962962963 0.575 0.42314814814814816 0.5703125 0.44166666666666665 0.5708333333333333 0.45092592592592595 0.5651041666666666 0.46296296296296297 0.5598958333333334 0.4685185185185185 0.5432291666666667 0.4759259259259259 0.5375 0.4759259259259259 0.53125 0.48518518518518516
0 0.11927083333333334 0.6324074074074074 0.11822916666666666 0.6537037037037037 0.12239583333333333 0.6777777777777778 0.11979166666666667 0.6916666666666667 0.1203125 0.7462962962962963 0.12291666666666666 0.7527777777777778 0.13072916666666667 0.7527777777777778 0.1359375 0.7592592592592593 0.14114583333333333 0.7611111111111111 0.14322916666666666 0.7685185185185185 0.14270833333333333 0.7796296296296297 0.15364583333333334 0.7824074074074074 0.15885416666666666 0.7870370370370371 0.15572916666666667 0.7935185185185185 0.1484375 0.7916666666666666 0.146875 0.7972222222222223 0.1421875 0.8 0.1359375 0.7981481481481482 0.125 0.8027777777777778 0.12760416666666666 0.812962962962963 0.1265625 0.8212962962962963 0.1375 0.8305555555555556 0.13072916666666667 0.8481481481481481 0.12916666666666668 0.8629629629629629 0.121875 0.8703703703703703 0.12083333333333333 0.8740740740740741 0.12291666666666666 0.8962962962962963 0.12916666666666668 0.9055555555555556 0.14322916666666666 0.9055555555555556 0.15 0.9092592592592592 0.16875 0.9055555555555556 0.18854166666666666 0.9055555555555556 0.19322916666666667 0.9092592592592592 0.20677083333333332 0.9101851851851852 0.2203125 0.9074074074074074 0.26145833333333335 0.9092592592592592 0.28125 0.9027777777777778 0.2869791666666667 0.8981481481481481 0.309375 0.8962962962962963 0.3223958333333333 0.8870370370370371 0.325 0.8805555555555555 0.3229166666666667 0.8731481481481481 0.3026041666666667 0.8712962962962963 0.2890625 0.8555555555555555 0.2869791666666667 0.85 0.2869791666666667 0.8435185185185186 0.2760416666666667 0.837037037037037 0.26458333333333334 0.8351851851851851 0.2640625 0.8333333333333334 0.26666666666666666 0.8305555555555556 0.2640625 0.8268518518518518 0.26510416666666664 0.8231481481481482 0.2609375 0.8231481481481482 0.2484375 0.8 0.25104166666666666 0.7944444444444444 0.26458333333333334 0.7944444444444444 0.2713541666666667 0.7870370370370371 0.28020833333333334 0.7870370370370371 0.2916666666666667 0.7805555555555556 0.29375 0.7666666666666667 0.29739583333333336 0.7638888888888888 0.29583333333333334 0.7620370370370371 0.296875 0.7601851851851852 0.30052083333333335 0.7601851851851852 0.3020833333333333 0.7574074074074074 0.3171875 0.7574074074074074 0.3203125 0.7638888888888888 0.32083333333333336 0.7601851851851852 0.33125 0.7592592592592593 0.35052083333333334 0.7509259259259259 0.3671875 0.7527777777777778 0.3802083333333333 0.7462962962962963 0.38645833333333335 0.7462962962962963 0.4046875 0.7527777777777778 0.4119791666666667 0.7620370370370371 0.4140625 0.7796296296296297 0.42135416666666664 0.7805555555555556 0.4317708333333333 0.7759259259259259 0.4432291666666667 0.7777777777777778 0.4552083333333333 0.7666666666666667 0.4625 0.7555555555555555 0.47604166666666664 0.7527777777777778 0.509375 0.7722222222222223 0.5114583333333333 0.7861111111111111 0.5208333333333334 0.8027777777777778 0.5213541666666667 0.8138888888888889 0.5260416666666666 0.8231481481481482 0.5286458333333334 0.8351851851851851 0.5369791666666667 0.837037037037037 0.55 0.8342592592592593 0.5515625 0.8277777777777777 0.5526041666666667 0.7972222222222223 0.55625 0.7962962962962963 0.5604166666666667 0.7870370370370371 0.5713541666666667 0.7870370370370371 0.5932291666666667 0.7935185185185185 0.5953125 0.7981481481481482 0.59375 0.8342592592592593 0.6104166666666667 0.8351851851851851 0.6114583333333333 0.8277777777777777 0.6171875 0.8194444444444444 0.6145833333333334 0.8157407407407408 0.6151041666666667 0.8101851851851852 0.6223958333333334 0.7935185185185185 0.6270833333333333 0.7685185185185185 0.6234375 0.7555555555555555 0.6171875 0.7462962962962963 0.6145833333333334 0.7462962962962963 0.609375 0.7351851851851852 0.5958333333333333 0.7277777777777777 0.5791666666666667 0.7277777777777777 0.5755208333333334 0.7231481481481481 0.5765625 0.7046296296296296 0.5890625 0.6851851851851852 0.59375 0.6712962962962963 0.59375 0.6648148148148149 0.5848958333333333 0.649074074074074 0.5848958333333333 0.6435185185185185 0.5828125 0.6398148148148148 0.5869791666666667 0.6212962962962963 0.5854166666666667 0.6148148148148148 0.5807291666666666 0.6074074074074074 0.5671875 0.6055555555555555 0.5640625 0.6101851851851852 0.5630208333333333 0.6194444444444445 0.55 0.6351851851851852 0.5223958333333333 0.6351851851851852 0.496875 0.6546296296296297 0.4859375 0.6555555555555556 0.4828125 0.6527777777777778 0.48072916666666665 0.649074074074074 0.48072916666666665 0.6361111111111111 0.484375 0.6166666666666667 0.49114583333333334 0.6074074074074074 0.5041666666666667 0.6 0.5067708333333333 0.5944444444444444 0.509375 0.5981481481481481 0.5098958333333333 0.5935185185185186 0.5127604166666667 0.5935185185185186 0.5145833333333333 0.5981481481481481 0.51875 0.5981481481481481 0.5234375 0.5833333333333334 0.5296875 0.5777777777777777 0.5307291666666667 0.5712962962962963 0.5296875 0.55 0.525 0.5462962962962963 0.5197916666666667 0.5509259259259259 0.5177083333333333 0.562962962962963 0.5135416666666667 0.5731481481481482 0.5109375 0.575925925925926 0.5041666666666667 0.575925925925926 0.5010416666666667 0.5731481481481482 0.4942708333333333 0.5388888888888889 0.4890625 0.5324074074074074 0.48333333333333334 0.5333333333333333 0.48072916666666665 0.5407407407407407 0.48072916666666665 0.5462962962962963 0.4739583333333333 0.5574074074074075 0.465625 0.562037037037037 0.43645833333333334 0.5601851851851852 0.40729166666666666 0.5851851851851851 0.40572916666666664 0.5935185185185186 0.4015625 0.600925925925926 0.39895833333333336 0.625 0.39375 0.6462962962962963 0.384375 0.6648148148148149 0.38333333333333336 0.6638888888888889 0.384375 0.6731481481481482 0.38229166666666664 0.6787037037037037 0.3765625 0.6851851851851852 0.3692708333333333 0.6824074074074075 0.3651041666666667 0.674074074074074 0.3625 0.6620370370370371 0.35104166666666664 0.6601851851851852 0.34479166666666666 0.6527777777777778 0.3421875 0.6416666666666667 0.3390625 0.6388888888888888 0.3458333333333333 0.6305555555555555 0.3484375 0.6305555555555555 0.35052083333333334 0.6212962962962963 0.3572916666666667 0.612037037037037 0.359375 0.612037037037037 0.359375 0.6074074074074074 0.35052083333333334 0.5962962962962963 0.3489583333333333 0.5888888888888889 0.34375 0.5824074074074074 0.3484375 0.5805555555555556 0.34375 0.5796296296296296 0.3421875 0.575925925925926 0.3411458333333333 0.549074074074074 0.34479166666666666 0.537962962962963 0.35052083333333334 0.5324074074074074 0.37135416666666665 0.5305555555555556 0.375 0.5277777777777778 0.37864583333333335 0.5148148148148148 0.3796875 0.5027777777777778 0.3703125 0.48055555555555557 0.36770833333333336 0.46296296296296297 0.3614583333333333 0.45740740740740743 0.35625 0.45740740740740743 0.3494791666666667 0.4527777777777778 0.33958333333333335 0.4527777777777778 0.32760416666666664 0.4388888888888889 0.3234375 0.42592592592592593 0.3177083333333333 0.4185185185185185 0.3015625 0.42962962962962964 0.29739583333333336 0.44166666666666665 0.28177083333333336 0.4666666666666667 0.2786458333333333 0.475 0.2796875 0.4898148148148148 0.2708333333333333 0.5111111111111111 0.2682291666666667 0.5277777777777778 0.26927083333333335 0.5370370370370371 0.2786458333333333 0.5666666666666667 0.2791666666666667 0.5796296296296296 0.26875 0.5824074074074074 0.26458333333333334 0.5907407407407408 0.25729166666666664 0.6240740740740741 0.25677083333333334 0.6370370370370371 0.259375 0.6546296296296297 0.2526041666666667 0.6731481481481482 0.2484375 0.6935185185185185 0.23229166666666667 0.700925925925926 0.21822916666666667 0.7212962962962963 0.21145833333333333 0.7212962962962963 0.20260416666666667 0.7138888888888889 0.1921875 0.6962962962962963 0.18229166666666666 0.6916666666666667 0.17864583333333334 0.6851851851851852 0.16979166666666667 0.6796296296296296 0.16458333333333333 0.6638888888888889 0.13958333333333334 0.6555555555555556 0.12552083333333333 0.6305555555555555 0.11927083333333334 0.6324074074074074
0 0.8135416666666667 0.39351851851851855 0.8145833333333333 0.39814814814814814 0.8125 0.4009259259259259 0.8125 0.4166666666666667 0.8192708333333333 0.4324074074074074 0.8203125 0.45 0.8239583333333333 0.46111111111111114 0.8322916666666667 0.47129629629629627 0.8416666666666667 0.4759259259259259 0.84375 0.4824074074074074 0.8479166666666667 0.48703703703703705 0.8578125 0.5138888888888888 0.8515625 0.5259259259259259 0.8557291666666667 0.5388888888888889 0.8557291666666667 0.5481481481481482 0.8447916666666667 0.5592592592592592 0.8432291666666667 0.5666666666666667 0.84375 0.575925925925926 0.8479166666666667 0.5842592592592593 0.8520833333333333 0.600925925925926 0.8598958333333333 0.612037037037037 0.8697916666666666 0.6166666666666667 0.8755208333333333 0.625 0.8848958333333333 0.6305555555555555 0.8901041666666667 0.6305555555555555 0.8958333333333334 0.6240740740740741 0.9015625 0.6074074074074074 0.9078125 0.600925925925926 0.9182291666666667 0.600925925925926 0.9265625 0.6175925925925926 0.9354166666666667 0.6259259259259259 0.9416666666666667 0.6259259259259259 0.946875 0.6212962962962963 0.9505208333333334 0.6101851851851852 0.9510416666666667 0.575 0.95625 0.5694444444444444 0.9739583333333334 0.5666666666666667 0.975 0.5481481481481482 0.9729166666666667 0.5287037037037037 0.9760416666666667 0.5175925925925926 0.9807291666666667 0.5120370370370371 0.9807291666666667 0.5009259259259259 0.984375 0.4935185185185185 0.9822916666666667 0.4898148148148148 0.9875 0.48055555555555557 0.9854166666666667 0.47685185185185186 0.9880208333333333 0.47129629629629627 0.9875 0.4666666666666667 0.9833333333333333 0.4666666666666667 0.9807291666666667 0.4685185185185185 0.9796875 0.4759259259259259 0.975 0.4777777777777778 0.9723958333333333 0.4824074074074074 0.9598958333333333 0.48055555555555557 0.9557291666666666 0.475 0.95 0.4537037037037037 0.9479166666666666 0.4212962962962963 0.9453125 0.4111111111111111 0.946875 0.37222222222222223 0.9484375 0.36574074074074076 0.9572916666666667 0.3527777777777778 0.975 0.3416666666666667 0.9765625 0.3351851851851852 0.98125 0.3351851851851852 0.9833333333333333 0.3296296296296296 0.9875 0.33425925925925926 0.9875 0.33055555555555555 0.9911458333333333 0.33425925925925926 0.9911458333333333 0.33055555555555555 0.9875 0.3296296296296296 0.9875 0.32407407407407407 0.9932291666666667 0.3194444444444444 0.9916666666666667 0.3138888888888889 0.9921875 0.30277777777777776 0.9875 0.29814814814814816 0.9828125 0.30092592592592593 0.9807291666666667 0.287962962962963 0.9864583333333333 0.2824074074074074 0.9911458333333333 0.26944444444444443 0.9942708333333333 0.26851851851851855 0.9942708333333333 0.24722222222222223 0.9979166666666667 0.2388888888888889 0.9994791666666667 0.2388888888888889 0.9994791666666667 0.15092592592592594 0.9875 0.14351851851851852 0.9796875 0.14351851851851852 0.9651041666666667 0.1574074074074074 0.9536458333333333 0.1638888888888889 0.9515625 0.18055555555555555 0.953125 0.18796296296296297 0.9520833333333333 0.19166666666666668 0.9541666666666667 0.19444444444444445 0.9541666666666667 0.2101851851851852 0.9536458333333333 0.21574074074074073 0.9494791666666667 0.2212962962962963 0.9380208333333333 0.22314814814814815 0.9265625 0.21851851851851853 0.9083333333333333 0.21944444444444444 0.8994791666666667 0.22962962962962963 0.896875 0.24444444444444444 0.8890625 0.24814814814814815 0.8859375 0.25277777777777777 0.884375 0.26851851851851855 0.8802083333333334 0.28055555555555556 0.8713541666666667 0.28703703703703703 0.8442708333333333 0.28703703703703703 0.8375 0.30277777777777776 0.8369791666666667 0.3212962962962963 0.8432291666666667 0.33425925925925926 0.8458333333333333 0.34444444444444444 0.8453125 0.3527777777777778 0.8401041666666667 0.3574074074074074 0.8375 0.3648148148148148 0.8270833333333333 0.3648148148148148 0.8286458333333333 0.3685185185185185 0.8239583333333333 0.37222222222222223 0.8229166666666666 0.39166666666666666 0.8197916666666667 0.39351851851851855 0.8171875 0.3888888888888889 0.8135416666666667 0.39351851851851855
0 0.63125 0.25092592592592594 0.63125 0.25833333333333336 0.6348958333333333 0.26944444444444443 0.634375 0.28055555555555556 0.6265625 0.28888888888888886 0.6270833333333333 0.2935185185185185 0.6307291666666667 0.29814814814814816 0.65625 0.30092592592592593 0.6572916666666667 0.3055555555555556 0.6583333333333333 0.30092592592592593 0.6635416666666667 0.2962962962962963 0.6838541666666667 0.29814814814814816 0.6895833333333333 0.2935185185185185 0.6994791666666667 0.2935185185185185 0.70625 0.2851851851851852 0.7130208333333333 0.2851851851851852 0.7161458333333334 0.28055555555555556 0.71875 0.28888888888888886 0.7255208333333333 0.28888888888888886 0.728125 0.2851851851851852 0.7333333333333333 0.28425925925925927 0.7479166666666667 0.3055555555555556 0.7541666666666667 0.3074074074074074 0.7661458333333333 0.31666666666666665 0.76875 0.3212962962962963 0.771875 0.3212962962962963 0.7828125 0.337037037037037 0.7989583333333333 0.3490740740740741 0.8046875 0.35833333333333334 0.80625 0.36666666666666664 0.8104166666666667 0.36944444444444446 0.8171875 0.3685185185185185 0.8223958333333333 0.36203703703703705 0.8197916666666667 0.36018518518518516 0.81875 0.35555555555555557 0.8203125 0.34444444444444444 0.8171875 0.3416666666666667 0.815625 0.3277777777777778 0.8010416666666667 0.29444444444444445 0.7932291666666667 0.2898148148148148 0.7734375 0.2916666666666667 0.76875 0.28703703703703703 0.7640625 0.28888888888888886 0.7619791666666667 0.2824074074074074 0.7572916666666667 0.28425925925925927 0.75625 0.2814814814814815 0.7604166666666666 0.2712962962962963 0.7651041666666667 0.26851851851851855 0.7666666666666667 0.2638888888888889 0.7604166666666666 0.23333333333333334 0.7609375 0.21851851851851853 0.7666666666666667 0.2101851851851852 0.7682291666666666 0.19722222222222222 0.7708333333333334 0.19537037037037036 0.7744791666666667 0.18518518518518517 0.7729166666666667 0.1574074074074074 0.76875 0.14444444444444443 0.76875 0.13055555555555556 0.7671875 0.13518518518518519 0.7604166666666666 0.13703703703703704 0.7520833333333333 0.15462962962962962 0.7390625 0.16018518518518518 0.7322916666666667 0.1685185185185185 0.7322916666666667 0.18518518518518517 0.7348958333333333 0.2037037037037037 0.7338541666666667 0.21666666666666667 0.7265625 0.21851851851851853 0.7239583333333334 0.22407407407407406 0.7192708333333333 0.22407407407407406 0.7098958333333333 0.23055555555555557 0.6979166666666666 0.23055555555555557 0.6895833333333333 0.22407407407407406 0.6828125 0.22314814814814815 0.6776041666666667 0.22777777777777777 0.675 0.23425925925925925 0.6682291666666667 0.2388888888888889 0.6635416666666667 0.2388888888888889 0.6583333333333333 0.2324074074074074 0.6536458333333334 0.2324074074074074 0.6473958333333333 0.2462962962962963 0.63125 0.25092592592592594
0 0.7671875 0.08703703703703704 0.7640625 0.09444444444444444 0.7661458333333333 0.10092592592592593 0.7671875 0.1259259259259259 0.7708333333333334 0.12962962962962962 0.7765625 0.12777777777777777 0.7791666666666667 0.125 0.7807291666666667 0.11666666666666667 0.78125 0.10185185185185185 0.7864583333333334 0.08981481481481482 0.8046875 0.07962962962962963 0.8208333333333333 0.06018518518518518 0.8348958333333333 0.05740740740740741 0.8385416666666666 0.041666666666666664 0.8369791666666667 0.025925925925925925 0.8322916666666667 0.018518518518518517 0.8291666666666667 0.005555555555555556 0.8260416666666667 0.002777777777777778 0.821875 0 0.8072916666666666 0 0.8015625 0.006481481481481481 0.7994791666666666 0.018518518518518517 0.79375 0.028703703703703703 0.7916666666666666 0.05740740740740741 0.7895833333333333 0.06388888888888888 0.7859375 0.0712962962962963 0.7822916666666667 0.075 0.775 0.07592592592592592 0.7671875 0.08703703703703704