0 0.56953125 0.7736111111111111 0.56875 0.7944444444444444 0.57265625 0.8 0.59296875 0.7958333333333333 0.60078125 0.8041666666666667 0.696875 0.7916666666666666 0.7 0.7888888888888889 0.69765625 0.7805555555555556 0.7078125 0.7805555555555556 0.70703125 0.7888888888888889 0.7234375 0.7791666666666667 0.6953125 0.7791666666666667 0.690625 0.7722222222222223 0.671875 0.7736111111111111 0.66640625 0.7680555555555556 0.64375 0.7666666666666667 0.634375 0.7611111111111111 0.60859375 0.7736111111111111 0.58359375 0.7763888888888889 0.57890625 0.7694444444444445
0 0.2953125 0.7722222222222223 0.29296875 0.7916666666666666 0.28671875 0.7944444444444444 0.2921875 0.7930555555555555 0.29453125 0.8041666666666667 0.3375 0.8027777777777778 0.33515625 0.7944444444444444 0.32890625 0.7916666666666666 0.32890625 0.7805555555555556 0.32265625 0.775 0.32265625 0.7652777777777777 0.31953125 0.7680555555555556 0.31796875 0.7583333333333333 0.30234375 0.7611111111111111
0 0.33203125 0.6902777777777778 0.33203125 0.6944444444444444 0.33515625 0.6944444444444444
0 0.24453125 0.7111111111111111 0.24453125 0.7180555555555556 0.2484375 0.7083333333333334 0.25 0.7180555555555556 0.26875 0.7180555555555556 0.2765625 0.6902777777777778 0.29609375 0.6763888888888889 0.296875 0.6708333333333333 0.29296875 0.6625 0.28359375 0.6638888888888889
0 0.34609375 0.6652777777777777 0.346875 0.6777777777777778 0.3609375 0.6861111111111111 0.36875 0.7111111111111111 0.36796875 0.7347222222222223 0.37578125 0.7527777777777778 0.38046875 0.7541666666666667 0.384375 0.7472222222222222 0.3859375 0.7319444444444444 0.39921875 0.7305555555555555 0.39921875 0.7152777777777778 0.39296875 0.7055555555555556 0.38671875 0.7027777777777777 0.38359375 0.6819444444444445 0.384375 0.6680555555555555 0.37890625 0.6486111111111111 0.3703125 0.6458333333333334 0.35703125 0.6513888888888889
0 0.24765625 0.6333333333333333 0.2453125 0.6486111111111111 0.25078125 0.6541666666666667 0.2578125 0.6402777777777777 0.259375 0.6305555555555555 0.25546875 0.6263888888888889
0 0.3171875 0.6208333333333333 0.31640625 0.6263888888888889 0.31875 0.6277777777777778
0 0.41875 0.6430555555555556 0.4203125 0.675 0.41875 0.6833333333333333 0.41171875 0.6916666666666667 0.41171875 0.7111111111111111 0.4296875 0.75 0.425 0.7666666666666667 0.4265625 0.8041666666666667 0.434375 0.8083333333333333 0.46015625 0.8069444444444445 0.48046875 0.8125 0.4828125 0.8083333333333333 0.49453125 0.8055555555555556 0.55390625 0.8027777777777778 0.5609375 0.7944444444444444 0.55390625 0.7708333333333334 0.54140625 0.7555555555555555 0.53515625 0.7555555555555555 0.53046875 0.7680555555555556 0.521875 0.7680555555555556 0.51640625 0.7458333333333333 0.51171875 0.7388888888888889 0.509375 0.7194444444444444 0.503125 0.7111111111111111 0.49609375 0.7097222222222223 0.4875 0.6805555555555556 0.47578125 0.6819444444444445 0.46953125 0.6777777777777778 0.45859375 0.6597222222222222 0.45390625 0.6194444444444445 0.44296875 0.6194444444444445 0.4359375 0.6277777777777778 0.425 0.6319444444444444
0 0.3453125 0.6180555555555556 0.34375 0.625 0.35 0.6319444444444444 0.3640625 0.6305555555555555 0.36796875 0.625 0.3625 0.6055555555555555 0.35546875 0.6069444444444444 0.35234375 0.6138888888888889
0 0.29296875 0.4986111111111111 0.29296875 0.5152777777777777 0.2984375 0.5222222222222223 0.30390625 0.5180555555555556 0.3046875 0.5111111111111111 0.2953125 0.49722222222222223
0 0.26875 0.48194444444444445 0.26875 0.49166666666666664 0.275 0.5013888888888889 0.26796875 0.5180555555555556 0.27421875 0.5263888888888889 0.28125 0.525 0.27890625 0.5347222222222222 0.28671875 0.5430555555555555 0.28203125 0.5305555555555556 0.2796875 0.5083333333333333 0.275 0.5041666666666667 0.2796875 0.4847222222222222 0.275 0.4791666666666667
0 0.16484375 0.48333333333333334 0.1640625 0.49722222222222223 0.175 0.49166666666666664 0.175 0.48333333333333334 0.16875 0.47638888888888886
0 0.26328125 0.4666666666666667 0.26171875 0.46805555555555556 0.2640625 0.4708333333333333 0.26796875 0.46805555555555556
0 0.20078125 0.4666666666666667 0.20078125 0.47638888888888886 0.215625 0.4722222222222222 0.21953125 0.48194444444444445 0.21953125 0.49166666666666664 0.22265625 0.49444444444444446 0.23125 0.4888888888888889 0.23515625 0.47638888888888886 0.23515625 0.46805555555555556 0.2234375 0.45555555555555555 0.20546875 0.4597222222222222
0 0.194921875 0.4423611111111111 0.00078125 0.001388888888888889
0 0.840625 0.3972222222222222 0.83671875 0.40694444444444444 0.8375 0.4111111111111111 0.85078125 0.41944444444444445 0.88671875 0.42916666666666664 0.890625 0.43472222222222223 0.90234375 0.43333333333333335 0.9125 0.42083333333333334 0.90078125 0.4111111111111111 0.88671875 0.4097222222222222 0.8796875 0.4013888888888889 0.8734375 0.4013888888888889 0.86953125 0.4097222222222222 0.865625 0.4111111111111111 0.846875 0.3972222222222222