0 0.594140625 0.9798611111111111 0.00078125 0.001388888888888889
0 0.58671875 0.5958333333333333 0.58359375 0.5972222222222222 0.5875 0.6
0 0.5875 0.5680555555555555 0.58984375 0.5805555555555556 0.58671875 0.5861111111111111 0.59140625 0.5902777777777778 0.5921875 0.5708333333333333
0 0.355078125 0.4965277777777778 0.00078125 0.001388888888888889
0 0.34765625 0.48194444444444445 0.34609375 0.4875 0.34921875 0.49027777777777776
0 0.39609375 0.4777777777777778 0.39609375 0.48333333333333334 0.4 0.48333333333333334
0 0.333984375 0.47708333333333336 0.00234375 0.001388888888888889
0 0.3890625 0.4736111111111111 0.38828125 0.4777777777777778 0.39140625 0.4791666666666667
0 0.37890625 0.4777777777777778 0.3796875 0.48333333333333334 0.375 0.49027777777777776 0.38125 0.4861111111111111 0.384375 0.4722222222222222 0.38203125 0.46944444444444444
0 0.3625 0.4305555555555556 0.36171875 0.44027777777777777 0.3640625 0.4388888888888889
0 0.20859375 0.14583333333333334 0.20546875 0.14583333333333334 0.209375 0.1527777777777778 0.2125 0.15138888888888888
0 0.18515625 0.13055555555555556 0.184375 0.1388888888888889 0.18125 0.14305555555555555 0.1828125 0.14583333333333334 0.1953125 0.1388888888888889 0.190625 0.12777777777777777
0 0.38203125 0.13055555555555556 0.38203125 0.1375 0.38671875 0.1388888888888889 0.39140625 0.12638888888888888 0.38984375 0.12083333333333333 0.38671875 0.12083333333333333
0 0.2203125 0.08472222222222223 0.21875 0.1125 0.22265625 0.12222222222222222 0.22421875 0.1388888888888889 0.2421875 0.14583333333333334 0.25546875 0.1736111111111111 0.25625 0.21666666666666667 0.2703125 0.23055555555555557 0.2859375 0.23333333333333334 0.30390625 0.25833333333333336 0.3109375 0.2777777777777778 0.290625 0.31805555555555554 0.2625 0.3194444444444444 0.2625 0.3277777777777778 0.25546875 0.34305555555555556 0.25078125 0.36666666666666664 0.25078125 0.37916666666666665 0.26015625 0.4166666666666667 0.2703125 0.44027777777777777 0.28671875 0.45555555555555555 0.2875 0.4666666666666667 0.30234375 0.5027777777777778 0.31171875 0.5097222222222222 0.33125 0.5402777777777777 0.34375 0.55 0.35546875 0.5444444444444444 0.36953125 0.55 0.3734375 0.5666666666666667 0.3703125 0.5763888888888888 0.37578125 0.5944444444444444 0.37578125 0.6069444444444444 0.37265625 0.6513888888888889 0.3640625 0.6680555555555555 0.3625 0.6875 0.35625 0.7041666666666667 0.359375 0.7305555555555555 0.35625 0.7513888888888889 0.36171875 0.7569444444444444 0.38046875 0.7555555555555555 0.4 0.7819444444444444 0.4 0.7888888888888889 0.40546875 0.8013888888888889 0.4078125 0.8416666666666667 0.41328125 0.8541666666666666 0.42265625 0.8583333333333333 0.42578125 0.8805555555555555 0.43125 0.8833333333333333 0.446875 0.9152777777777777 0.44921875 0.9388888888888889 0.44453125 0.9430555555555555 0.44921875 0.9555555555555556 0.44921875 0.975 0.45234375 0.9930555555555556 0.45625 0.9972222222222222 0.56640625 0.9930555555555556 0.5671875 0.9888888888888889 0.5703125 0.9902777777777778 0.5734375 0.9805555555555555 0.59296875 0.9763888888888889 0.59296875 0.9708333333333333 0.59921875 0.9638888888888889 0.596875 0.9527777777777777 0.60078125 0.9444444444444444 0.60625 0.9375 0.6125 0.9402777777777778 0.62265625 0.9291666666666667 0.62265625 0.9069444444444444 0.625 0.9041666666666667 0.6234375 0.8847222222222222 0.61875 0.8805555555555555 0.6171875 0.8652777777777778 0.6140625 0.8625 0.6140625 0.8444444444444444 0.61796875 0.8361111111111111 0.61953125 0.8194444444444444 0.6125 0.8125 0.61015625 0.7944444444444444 0.60625 0.7916666666666666 0.6078125 0.7430555555555556 0.60390625 0.7222222222222222 0.5984375 0.7111111111111111 0.58125 0.6944444444444444 0.58046875 0.6805555555555556 0.5765625 0.6708333333333333 0.57890625 0.6680555555555555 0.58125 0.6430555555555556 0.58359375 0.6402777777777777 0.5828125 0.6333333333333333 0.57734375 0.6277777777777778 0.57734375 0.6208333333333333 0.58203125 0.6208333333333333 0.58359375 0.6138888888888889 0.58125 0.6180555555555556 0.5796875 0.6152777777777778 0.58359375 0.6069444444444444 0.58125 0.6055555555555555 0.571875 0.6319444444444444 0.56328125 0.6402777777777777 0.55390625 0.6416666666666667 0.5484375 0.6319444444444444 0.54765625 0.6097222222222223 0.54296875 0.5972222222222222 0.52734375 0.5944444444444444 0.5234375 0.5833333333333334 0.52109375 0.5833333333333334 0.51875 0.5986111111111111 0.52109375 0.6069444444444444 0.52109375 0.625 0.52421875 0.6319444444444444 0.5234375 0.6458333333333334 0.51875 0.6513888888888889 0.5140625 0.6486111111111111 0.51171875 0.6527777777777778 0.4984375 0.6555555555555556 0.49375 0.6486111111111111 0.49453125 0.6194444444444445 0.4875 0.6013888888888889 0.4875 0.5819444444444445 0.4828125 0.5791666666666667 0.4875 0.5708333333333333 0.4828125 0.5638888888888889 0.48515625 0.5555555555555556 0.48046875 0.5430555555555555 0.46953125 0.5444444444444444 0.46640625 0.5583333333333333 0.46796875 0.5666666666666667 0.4625 0.5722222222222222 0.46015625 0.5805555555555556 0.4703125 0.6069444444444444 0.46875 0.6180555555555556 0.47265625 0.6208333333333333 0.46875 0.6319444444444444 0.4734375 0.6597222222222222 0.4703125 0.6680555555555555 0.46640625 0.6694444444444444 0.4671875 0.7013888888888888 0.4421875 0.7097222222222223 0.421875 0.7083333333333334 0.415625 0.7041666666666667 0.40859375 0.6888888888888889 0.4015625 0.6402777777777777 0.40078125 0.6291666666666667 0.4046875 0.6125 0.4046875 0.5972222222222222 0.4 0.5638888888888889 0.4046875 0.5541666666666667 0.4078125 0.5347222222222222 0.41171875 0.5291666666666667 0.41171875 0.5208333333333334 0.415625 0.5180555555555556 0.415625 0.5111111111111111 0.4078125 0.5027777777777778 0.4109375 0.4930555555555556 0.40703125 0.49444444444444446 0.40390625 0.49027777777777776 0.39296875 0.4930555555555556 0.3890625 0.4888888888888889 0.3875 0.49444444444444446 0.3703125 0.49444444444444446 0.36875 0.48194444444444445 0.3640625 0.48333333333333334 0.35546875 0.4513888888888889 0.3578125 0.44583333333333336 0.35625 0.43333333333333335 0.3703125 0.39444444444444443 0.36796875 0.38333333333333336 0.36875 0.34444444444444444 0.37734375 0.33055555555555555 0.3765625 0.3055555555555556 0.36953125 0.3055555555555556 0.36328125 0.3 0.359375 0.275 0.3515625 0.26666666666666666 0.35 0.23194444444444445 0.34453125 0.22777777777777777 0.34140625 0.21944444444444444 0.34921875 0.21805555555555556 0.3515625 0.2125 0.35546875 0.21388888888888888 0.36171875 0.20555555555555555 0.36015625 0.19722222222222222 0.35546875 0.19722222222222222 0.353125 0.20833333333333334 0.34375 0.2152777777777778 0.3375 0.21666666666666667 0.33203125 0.2111111111111111 0.3296875 0.19444444444444445 0.3375 0.17777777777777778 0.32890625 0.1527777777777778 0.32890625 0.13472222222222222 0.32265625 0.13055555555555556 0.3171875 0.11944444444444445 0.30078125 0.11666666666666667 0.3 0.1111111111111111 0.29609375 0.10833333333333334 0.27265625 0.10972222222222222 0.26953125 0.11944444444444445 0.26640625 0.11944444444444445 0.26015625 0.10833333333333334 0.234375 0.08055555555555556